Country,Date,Cumulative total,Units,Source URL,Source label,Notes
Mozambique,2020-03-28,205,tests performed,http://www.misau.gov.mz/index.php/covid-19-boletins-diarios?download=250:boletim-informativo-covid-19-n-11&start=150,Mozambique Ministry of Health,
Mozambique,2020-03-30,233,tests performed,http://www.misau.gov.mz/index.php/covid-19-boletins-diarios?download=256:boletim-diario-covid-19-n-13&start=150,Mozambique Ministry of Health,
Mozambique,2020-03-31,269,tests performed,http://www.misau.gov.mz/index.php/covid-19-boletins-diarios?download=257:boletim-diario-covid-19-n-14&start=150,Mozambique Ministry of Health,
Mozambique,2020-04-01,288,tests performed,http://www.misau.gov.mz/index.php/covid-19-boletins-diarios?download=258:boletim-diario-covid-19-n-15&start=150,Mozambique Ministry of Health,
Mozambique,2020-04-02,306,tests performed,http://www.misau.gov.mz/index.php/covid-19-boletins-diarios?download=259:boletim-diario-covid-19-n-16&start=150,Mozambique Ministry of Health,
Mozambique,2020-04-03,321,tests performed,http://www.misau.gov.mz/index.php/covid-19-boletins-diarios?download=263:boletim-diario-covid-19-n-17&start=150,Mozambique Ministry of Health,
Mozambique,2020-04-04,345,tests performed,http://www.misau.gov.mz/index.php/covid-19-boletins-diarios?download=264:boletim-diario-covid-19-n-18&start=150,Mozambique Ministry of Health,
Mozambique,2020-04-05,367,tests performed,http://www.misau.gov.mz/index.php/covid-19-boletins-diarios?download=265:boletim-diario-covid-19-n-19&start=150,Mozambique Ministry of Health,
Mozambique,2020-04-06,371,tests performed,http://www.misau.gov.mz/index.php/covid-19-boletins-diarios?download=267:boletim-diario-covid-19-n-20&start=140,Mozambique Ministry of Health,
Mozambique,2020-04-07,428,tests performed,http://www.misau.gov.mz/index.php/covid-19-boletins-diarios?download=268:boletim-diario-covid-19-n-21&start=140,Mozambique Ministry of Health,
Mozambique,2020-04-08,471,tests performed,http://www.misau.gov.mz/index.php/covid-19-boletins-diarios?download=269:boletim-diario-covid-19-n-22&start=140,Mozambique Ministry of Health,
Mozambique,2020-04-09,487,tests performed,http://www.misau.gov.mz/index.php/covid-19-boletins-diarios?download=270:boletim-diario-covid-19-n-23&start=140,Mozambique Ministry of Health,
Mozambique,2020-04-10,541,tests performed,http://www.misau.gov.mz/index.php/covid-19-boletins-diarios?download=274:boletim-diario-covid-19-n-24&start=140,Mozambique Ministry of Health,
Mozambique,2020-04-11,551,tests performed,http://www.misau.gov.mz/index.php/covid-19-boletins-diarios?download=276:boletim-diario-covid-19-n-25&start=140,Mozambique Ministry of Health,
Mozambique,2020-04-12,679,tests performed,http://www.misau.gov.mz/index.php/covid-19-boletins-diarios?download=277:boletim-diario-covid-19-n-26&start=140,Mozambique Ministry of Health,
Mozambique,2020-04-13,683,tests performed,http://www.misau.gov.mz/index.php/covid-19-boletins-diarios?download=279:boletim-diario-covid-19-n-27&start=140,Mozambique Ministry of Health,
Mozambique,2020-04-14,762,tests performed,http://www.misau.gov.mz/index.php/covid-19-boletins-diarios?download=280:boletim-diario-covid-19-n-28&start=140,Mozambique Ministry of Health,
Mozambique,2020-04-15,793,tests performed,http://www.misau.gov.mz/index.php/covid-19-boletins-diarios?download=281:boletim-diario-covid-19-n-29&start=140,Mozambique Ministry of Health,
Mozambique,2020-04-16,855,tests performed,http://www.misau.gov.mz/index.php/covid-19-boletins-diarios?download=282:boletim-diario-covid-19-n-30&start=130,Mozambique Ministry of Health,
Mozambique,2020-04-17,898,tests performed,http://www.misau.gov.mz/index.php/covid-19-boletins-diarios?download=283:boletim-diario-covid-19-n-31&start=130,Mozambique Ministry of Health,
Mozambique,2020-04-18,952,tests performed,http://www.misau.gov.mz/index.php/covid-19-boletins-diarios?download=285:boletim-diario-covid-19-n-32&start=130,Mozambique Ministry of Health,
Mozambique,2020-04-19,1037,tests performed,http://www.misau.gov.mz/index.php/covid-19-boletins-diarios?download=287:boletim-diario-covid-19-n-33&start=130,Mozambique Ministry of Health,
Mozambique,2020-04-20,1110,tests performed,http://www.misau.gov.mz/index.php/covid-19-boletins-diarios?download=289:boletim-diario-covid-19-n-34&start=130,Mozambique Ministry of Health,
Mozambique,2020-04-21,1163,tests performed,http://www.misau.gov.mz/index.php/covid-19-boletins-diarios?download=293:boletim-dia-rio-covid-19-n-35&start=130,Mozambique Ministry of Health,
Mozambique,2020-04-22,1247,tests performed,http://www.misau.gov.mz/index.php/covid-19-boletins-diarios?download=301:boletim-dia-rio-covid-19-n-36&start=130,Mozambique Ministry of Health,
Mozambique,2020-04-23,1325,tests performed,http://www.misau.gov.mz/index.php/covid-19-boletins-diarios?download=302:boletim-dia-rio-covid-19-n-37&start=120,Mozambique Ministry of Health,
Mozambique,2020-04-24,1439,tests performed,http://www.misau.gov.mz/index.php/covid-19-boletins-diarios?download=304:boletim-dia-rio-covid-19-n-38&start=120,Mozambique Ministry of Health,
Mozambique,2020-04-25,1575,tests performed,http://www.misau.gov.mz/index.php/covid-19-boletins-diarios?download=305:boletim-dia-rio-covid-19-n-39&start=120,Mozambique Ministry of Health,
Mozambique,2020-04-26,1644,tests performed,http://www.misau.gov.mz/index.php/covid-19-boletins-diarios?download=307:boletim-informativo-covid-19-n-40&start=120,Mozambique Ministry of Health,
Mozambique,2020-04-27,1688,tests performed,http://www.misau.gov.mz/index.php/covid-19-boletins-diarios?download=309:boletim-diario-covid-n-41&start=120,Mozambique Ministry of Health,
Mozambique,2020-04-28,1772,tests performed,http://www.misau.gov.mz/index.php/covid-19-boletins-diarios?download=310:boletim-diario-covid-n-42&start=120,Mozambique Ministry of Health,
Mozambique,2020-04-29,1896,tests performed,http://www.misau.gov.mz/index.php/covid-19-boletins-diarios?download=312:boletim-diario-covid-n-43&start=120,Mozambique Ministry of Health,
Mozambique,2020-04-30,2076,tests performed,http://www.misau.gov.mz/index.php/covid-19-boletins-diarios?download=313:boletim-diario-covid-n-44&start=120,Mozambique Ministry of Health,
Mozambique,2020-05-01,2246,tests performed,http://www.misau.gov.mz/index.php/covid-19-boletins-diarios?download=315:boletim-diario-covid-n-45&start=110,Mozambique Ministry of Health,
Mozambique,2020-05-02,2337,tests performed,http://www.misau.gov.mz/index.php/covid-19-boletins-diarios?download=316:boletim-diario-covid-n-46&start=110,Mozambique Ministry of Health,
Mozambique,2020-05-03,2466,tests performed,http://www.misau.gov.mz/index.php/covid-19-boletins-diarios?download=318:boletim-diario-covid-n-47&start=110,Mozambique Ministry of Health,
Mozambique,2020-05-04,2598,tests performed,http://www.misau.gov.mz/index.php/covid-19-boletins-diarios?download=320:boletim-diario-covid-n-48&start=110,Mozambique Ministry of Health,
Mozambique,2020-05-05,2867,tests performed,http://www.misau.gov.mz/index.php/covid-19-boletins-diarios?download=324:boletim-diario-covid-n-49&start=110,Mozambique Ministry of Health,
Mozambique,2020-05-06,3041,tests performed,http://www.misau.gov.mz/index.php/covid-19-boletins-diarios?download=328:boletim-diario-covid-n-50&start=110,Mozambique Ministry of Health,
Mozambique,2020-05-07,3188,tests performed,http://www.misau.gov.mz/index.php/covid-19-boletins-diarios?download=330:boletim-diario-covid-n-51&start=110,Mozambique Ministry of Health,
Mozambique,2020-05-08,3356,tests performed,http://www.misau.gov.mz/index.php/covid-19-boletins-diarios?download=331:boletim-diario-covid-n-52&start=110,Mozambique Ministry of Health,
Mozambique,2020-05-09,3749,tests performed,http://www.misau.gov.mz/index.php/covid-19-boletins-diarios?download=332:boletim-diario-covid-n-53&start=110,Mozambique Ministry of Health,
Mozambique,2020-05-10,3923,tests performed,http://www.misau.gov.mz/index.php/covid-19-boletins-diarios?download=333:boletim-diario-covid-n-54&start=100,Mozambique Ministry of Health,
Mozambique,2020-05-11,4173,tests performed,http://www.misau.gov.mz/index.php/covid-19-boletins-diarios?download=337:boletim-diario-covid-n-55&start=100,Mozambique Ministry of Health,
Mozambique,2020-05-12,4365,tests performed,http://www.misau.gov.mz/index.php/covid-19-boletins-diarios?download=339:boletim-diario-covid-n-56&start=100,Mozambique Ministry of Health,
Mozambique,2020-05-13,4740,tests performed,http://www.misau.gov.mz/index.php/covid-19-boletins-diarios?download=340:boletim-diario-covid-n-57&start=100,Mozambique Ministry of Health,
Mozambique,2020-05-14,5119,tests performed,http://www.misau.gov.mz/index.php/covid-19-boletins-diarios?download=342:boletim-diario-covid-n-58&start=100,Mozambique Ministry of Health,
Mozambique,2020-05-15,5361,tests performed,http://www.misau.gov.mz/index.php/covid-19-boletins-diarios?download=343:boletim-diario-covid-n-59&start=100,Mozambique Ministry of Health,
Mozambique,2020-05-16,5735,tests performed,http://www.misau.gov.mz/index.php/covid-19-boletins-diarios?download=345:boletim-diario-covid-n-60&start=100,Mozambique Ministry of Health,
Mozambique,2020-05-17,6011,tests performed,http://www.misau.gov.mz/index.php/covid-19-boletins-diarios?download=346:boletim-diario-covid-n-61&start=100,Mozambique Ministry of Health,
Mozambique,2020-05-18,6272,tests performed,http://www.misau.gov.mz/index.php/covid-19-boletins-diarios?download=348:boletim-diario-covid-n-62&start=100,Mozambique Ministry of Health,
Mozambique,2020-05-19,6537,tests performed,http://www.misau.gov.mz/index.php/covid-19-boletins-diarios?download=353:boletim-diario-covid-n-63&start=90,Mozambique Ministry of Health,
Mozambique,2020-05-20,6769,tests performed,http://www.misau.gov.mz/index.php/covid-19-boletins-diarios?download=354:boletim-diario-covid-n-64&start=90,Mozambique Ministry of Health,
Mozambique,2020-05-21,7063,tests performed,http://www.misau.gov.mz/index.php/covid-19-boletins-diarios?download=355:boletim-diario-covid-n-65&start=90,Mozambique Ministry of Health,
Mozambique,2020-05-22,7480,tests performed,http://www.misau.gov.mz/index.php/covid-19-boletins-diarios?download=361:boletim-diario-covid-n-66&start=90,Mozambique Ministry of Health,
Mozambique,2020-05-23,7947,tests performed,http://www.misau.gov.mz/index.php/covid-19-boletins-diarios?download=364:boletim-diario-covid-n-67&start=90,Mozambique Ministry of Health,
Mozambique,2020-05-24,8463,tests performed,http://www.misau.gov.mz/index.php/covid-19-boletins-diarios?download=365:boletim-diario-covid-n-68&start=90,Mozambique Ministry of Health,
Mozambique,2020-05-25,8796,tests performed,http://www.misau.gov.mz/index.php/covid-19-boletins-diarios?download=366:boletim-diario-covid-n-69&start=90,Mozambique Ministry of Health,
Mozambique,2020-05-26,9036,tests performed,http://www.misau.gov.mz/index.php/covid-19-boletins-diarios?download=368:boletim-diario-covid-n-70&start=90,Mozambique Ministry of Health,
Mozambique,2020-05-27,9330,tests performed,http://www.misau.gov.mz/index.php/covid-19-boletins-diarios?download=373:boletim-diario-covid-n-71&start=90,Mozambique Ministry of Health,
Mozambique,2020-05-28,9818,tests performed,http://www.misau.gov.mz/index.php/covid-19-boletins-diarios?download=374:boletim-diario-covid-n-72&start=90,Mozambique Ministry of Health,
Mozambique,2020-05-29,10234,tests performed,http://www.misau.gov.mz/index.php/covid-19-boletins-diarios?download=375:boletim-diario-covid-n-73&start=80,Mozambique Ministry of Health,
Mozambique,2020-05-30,10261,tests performed,http://www.misau.gov.mz/index.php/covid-19-boletins-diarios?download=376:boletim-diario-covid-n-74&start=80,Mozambique Ministry of Health,
Mozambique,2020-05-31,10878,tests performed,http://www.misau.gov.mz/index.php/covid-19-boletins-diarios?download=377:boletim-diario-covid-n-75&start=80,Mozambique Ministry of Health,
Mozambique,2020-06-01,10970,tests performed,http://www.misau.gov.mz/index.php/covid-19-boletins-diarios?download=382:boletim-diario-covid-n-76&start=80,Mozambique Ministry of Health,
Mozambique,2020-06-02,11239,tests performed,http://www.misau.gov.mz/index.php/covid-19-boletins-diarios?download=383:boletim-diario-covid-n-77&start=80,Mozambique Ministry of Health,
Mozambique,2020-06-03,11572,tests performed,http://www.misau.gov.mz/index.php/covid-19-boletins-diarios?download=385:boletim-diario-covid-n-78&start=80,Mozambique Ministry of Health,
Mozambique,2020-06-04,12126,tests performed,http://www.misau.gov.mz/index.php/covid-19-boletins-diarios?download=386:boletim-diario-covid-n-79&start=80,Mozambique Ministry of Health,
Mozambique,2020-06-05,12343,tests performed,http://www.misau.gov.mz/index.php/covid-19-boletins-diarios?download=399:boletim-diario-covid-n-80&start=80,Mozambique Ministry of Health,
Mozambique,2020-06-06,13398,tests performed,http://www.misau.gov.mz/index.php/covid-19-boletins-diarios?download=405:boletim-diario-covid-n-81&start=80,Mozambique Ministry of Health,
Mozambique,2020-06-07,14010,tests performed,http://www.misau.gov.mz/index.php/covid-19-boletins-diarios?download=430:boletim-diario-covid-n-82&start=80,Mozambique Ministry of Health,
Mozambique,2020-06-08,14580,tests performed,http://www.misau.gov.mz/index.php/covid-19-boletins-diarios?download=434:boletim-diario-covid-n-83&start=70,Mozambique Ministry of Health,
Mozambique,2020-06-09,15190,tests performed,http://www.misau.gov.mz/index.php/covid-19-boletins-diarios?download=435:boletim-diario-covid-n-84&start=70,Mozambique Ministry of Health,
Mozambique,2020-06-10,15544,tests performed,http://www.misau.gov.mz/index.php/covid-19-boletins-diarios?download=436:boletim-diario-covid-n-85&start=70,Mozambique Ministry of Health,
Mozambique,2020-06-11,16035,tests performed,http://www.misau.gov.mz/index.php/covid-19-boletins-diarios?download=437:boletim-diario-covid-n-86-pdf&start=70,Mozambique Ministry of Health,
Mozambique,2020-06-12,16919,tests performed,http://www.misau.gov.mz/index.php/covid-19-boletins-diarios?download=438:boletim-diario-covid-n-87&start=70,Mozambique Ministry of Health,
Mozambique,2020-06-13,18061,tests performed,http://www.misau.gov.mz/index.php/covid-19-boletins-diarios?download=439:boletim-diario-covid-n-88&start=70,Mozambique Ministry of Health,
Mozambique,2020-06-14,18620,tests performed,http://www.misau.gov.mz/index.php/covid-19-boletins-diarios?download=440:boletim-diario-covid-n-89&start=70,Mozambique Ministry of Health,
Mozambique,2020-06-15,19581,tests performed,http://www.misau.gov.mz/index.php/covid-19-boletins-diarios?download=441:boletim-diario-covid-n-90&start=70,Mozambique Ministry of Health,
Mozambique,2020-06-16,20263,tests performed,http://www.misau.gov.mz/index.php/covid-19-boletins-diarios?download=447:boletim-diario-covid-n-91&start=70,Mozambique Ministry of Health,
Mozambique,2020-06-17,21014,tests performed,http://www.misau.gov.mz/index.php/covid-19-boletins-diarios?download=448:boletim-diario-covid-n-92&start=70,Mozambique Ministry of Health,
Mozambique,2020-06-18,21780,tests performed,http://www.misau.gov.mz/index.php/covid-19-boletins-diarios?download=449:boletim-diario-covid-n-93&start=60,Mozambique Ministry of Health,
Mozambique,2020-06-19,22263,tests performed,http://www.misau.gov.mz/index.php/covid-19-boletins-diarios?download=450:boletim-diario-covid-n-94&start=60,Mozambique Ministry of Health,
Mozambique,2020-06-20,23104,tests performed,http://www.misau.gov.mz/index.php/covid-19-boletins-diarios?download=451:boletim-diario-covid-n-95&start=60,Mozambique Ministry of Health,
Mozambique,2020-06-21,23760,tests performed,http://www.misau.gov.mz/index.php/covid-19-boletins-diarios?download=452:boletim-diario-covid-n-96&start=60,Mozambique Ministry of Health,
Mozambique,2020-06-22,24348,tests performed,http://www.misau.gov.mz/index.php/covid-19-boletins-diarios?download=453:boletim-diario-covid-n-97&start=60,Mozambique Ministry of Health,
Mozambique,2020-06-23,25042,tests performed,http://www.misau.gov.mz/index.php/covid-19-boletins-diarios?download=455:boletim-diario-covid-n-98&start=60,Mozambique Ministry of Health,
Mozambique,2020-06-24,25446,tests performed,http://www.misau.gov.mz/index.php/covid-19-boletins-diarios?download=458:boletim-diario-covid-n-99&start=60,Mozambique Ministry of Health,
Mozambique,2020-06-25,26204,tests performed,http://www.misau.gov.mz/index.php/covid-19-boletins-diarios?download=459:boletim-diario-covid-n-100&start=60,Mozambique Ministry of Health,
Mozambique,2020-06-26,27123,tests performed,http://www.misau.gov.mz/index.php/covid-19-boletins-diarios?download=460:boletim-diario-covid-n-101&start=60,Mozambique Ministry of Health,
Mozambique,2020-06-27,27956,tests performed,http://www.misau.gov.mz/index.php/covid-19-boletins-diarios?download=461:boletim-diario-covid-n-102&start=60,Mozambique Ministry of Health,
Mozambique,2020-06-28,28647,tests performed,http://www.misau.gov.mz/index.php/covid-19-boletins-diarios?download=462:boletim-diario-covid-n-103&start=50,Mozambique Ministry of Health,
Mozambique,2020-06-29,29404,tests performed,http://www.misau.gov.mz/index.php/covid-19-boletins-diarios?download=463:boletim-diario-covid-n-104&start=50,Mozambique Ministry of Health,
Mozambique,2020-06-30,29577,tests performed,http://www.misau.gov.mz/index.php/covid-19-boletins-diarios?download=467:boletim-diario-covid-n-105&start=50,Mozambique Ministry of Health,
Mozambique,2020-07-01,30334,tests performed,http://www.misau.gov.mz/index.php/covid-19-boletins-diarios?download=468:boletim-diario-covid-n-106&start=50,Mozambique Ministry of Health,
Mozambique,2020-07-02,30939,tests performed,http://www.misau.gov.mz/index.php/covid-19-boletins-diarios?download=469:boletim-diario-covid-n-107&start=50,Mozambique Ministry of Health,
Mozambique,2020-07-03,31784,tests performed,http://www.misau.gov.mz/index.php/covid-19-boletins-diarios?download=471:boletim-diario-covid-n-108&start=50,Mozambique Ministry of Health,
Mozambique,2020-07-04,32498,tests performed,http://www.misau.gov.mz/index.php/covid-19-boletins-diarios?download=472:boletim-diario-covid-n-109&start=50,Mozambique Ministry of Health,
Mozambique,2020-07-05,33125,tests performed,http://www.misau.gov.mz/index.php/covid-19-boletins-diarios?download=473:boletim-diario-covid-n-110&start=50,Mozambique Ministry of Health,
Mozambique,2020-07-06,34036,tests performed,http://www.misau.gov.mz/index.php/covid-19-boletins-diarios?download=474:boletim-diario-covid-n-111&start=50,Mozambique Ministry of Health,
Mozambique,2020-07-07,35140,tests performed,http://www.misau.gov.mz/index.php/covid-19-boletins-diarios?download=475:boletim-diario-covid-n-112&start=50,Mozambique Ministry of Health,
Mozambique,2020-07-08,35696,tests performed,http://www.misau.gov.mz/index.php/covid-19-boletins-diarios?download=479:boletim-diario-covid-n-113&start=40,Mozambique Ministry of Health,
Mozambique,2020-07-09,36698,tests performed,http://www.misau.gov.mz/index.php/covid-19-boletins-diarios?download=480:boletim-diario-covid-n-114&start=40,Mozambique Ministry of Health,
Mozambique,2020-07-10,38010,tests performed,http://www.misau.gov.mz/index.php/covid-19-boletins-diarios?download=481:boletim-diario-covid-n-115&start=40,Mozambique Ministry of Health,
Mozambique,2020-07-11,39091,tests performed,http://www.misau.gov.mz/index.php/covid-19-boletins-diarios?download=482:boletim-diario-covid-n-116&start=40,Mozambique Ministry of Health,
Mozambique,2020-07-13,40861,tests performed,http://www.misau.gov.mz/index.php/covid-19-boletins-diarios?download=490:boletim-diario-covid-n-118&start=40,Mozambique Ministry of Health,
Mozambique,2020-07-14,41745,tests performed,http://www.misau.gov.mz/index.php/covid-19-boletins-diarios?download=493:boletim-diario-covid-n-119&start=40,Mozambique Ministry of Health,
Mozambique,2020-07-15,42551,tests performed,http://www.misau.gov.mz/index.php/covid-19-boletins-diarios?download=494:boletim-diario-covid-n-120&start=40,Mozambique Ministry of Health,
Mozambique,2020-07-16,43694,tests performed,http://www.misau.gov.mz/index.php/covid-19-boletins-diarios?download=495:boletim-diario-covid-n-121&start=40,Mozambique Ministry of Health,
Mozambique,2020-07-17,44222,tests performed,http://www.misau.gov.mz/index.php/covid-19-boletins-diarios?download=496:boletim-diario-covid-n-122&start=30,Mozambique Ministry of Health,
Mozambique,2020-07-18,45180,tests performed,http://www.misau.gov.mz/index.php/covid-19-boletins-diarios?download=497:boletim-diario-covid-n-123&start=30,Mozambique Ministry of Health,
Mozambique,2020-07-19,46556,tests performed,http://www.misau.gov.mz/index.php/covid-19-boletins-diarios?download=498:boletim-diario-covid-n-124&start=30,Mozambique Ministry of Health,
Mozambique,2020-07-20,47787,tests performed,http://www.misau.gov.mz/index.php/covid-19-boletins-diarios?download=500:boletim-diario-covid-n-125&start=30,Mozambique Ministry of Health,
Mozambique,2020-07-21,48653,tests performed,http://www.misau.gov.mz/index.php/covid-19-boletins-diarios?download=501:boletim-diario-covid-n-126&start=30,Mozambique Ministry of Health,
Mozambique,2020-07-22,49492,tests performed,http://www.misau.gov.mz/index.php/covid-19-boletins-diarios?download=503:boletim-diario-covid-n-127&start=30,Mozambique Ministry of Health,
Mozambique,2020-07-23,50121,tests performed,http://www.misau.gov.mz/index.php/covid-19-boletins-diarios?download=504:boletim-diario-covid-n-128&start=30,Mozambique Ministry of Health,
Mozambique,2020-07-24,50853,tests performed,http://www.misau.gov.mz/index.php/covid-19-boletins-diarios?download=505:boletim-diario-covid-n-129&start=30,Mozambique Ministry of Health,
Mozambique,2020-07-25,51444,tests performed,http://www.misau.gov.mz/index.php/covid-19-boletins-diarios?download=506:boletim-diario-covid-n-130&start=30,Mozambique Ministry of Health,
Mozambique,2020-07-26,52422,tests performed,http://www.misau.gov.mz/index.php/covid-19-boletins-diarios?download=507:boletim-diario-covid-n-131&start=30,Mozambique Ministry of Health,
Mozambique,2020-07-27,53465,tests performed,http://www.misau.gov.mz/index.php/covid-19-boletins-diarios?download=512:boletim-diario-covid-n-132&start=20,Mozambique Ministry of Health,
Mozambique,2020-07-28,54081,tests performed,http://www.misau.gov.mz/index.php/covid-19-boletins-diarios?download=514:boletim-diario-covid-n-133&start=20,Mozambique Ministry of Health,
Mozambique,2020-07-29,55211,tests performed,http://www.misau.gov.mz/index.php/covid-19-boletins-diarios?download=517:boletim-diario-covid-n-134&start=20,Mozambique Ministry of Health,
Mozambique,2020-07-30,56160,tests performed,http://www.misau.gov.mz/index.php/covid-19-boletins-diarios?download=518:boletim-diario-covid-n-135&start=20,Mozambique Ministry of Health,
Mozambique,2020-07-31,57730,tests performed,http://www.misau.gov.mz/index.php/covid-19-boletins-diarios?download=519:boletim-diario-covid-n-136&start=20,Mozambique Ministry of Health,
Mozambique,2020-08-01,58911,tests performed,http://www.misau.gov.mz/index.php/covid-19-boletins-diarios?download=520:boletim-diario-covid-n-137&start=20,Mozambique Ministry of Health,
Mozambique,2020-08-02,59642,tests performed,http://www.misau.gov.mz/index.php/covid-19-boletins-diarios?download=521:boletim-diario-covid-n-138&start=20,Mozambique Ministry of Health,
Mozambique,2020-08-03,60473,tests performed,http://www.misau.gov.mz/index.php/covid-19-boletins-diarios?download=522:boletim-diario-covid-n-139&start=20,Mozambique Ministry of Health,
Mozambique,2020-08-04,62373,tests performed,http://www.misau.gov.mz/index.php/covid-19-boletins-diarios?download=524:boletim-diario-covid-n-140&start=20,Mozambique Ministry of Health,
Mozambique,2020-08-05,63725,tests performed,http://www.misau.gov.mz/index.php/covid-19-boletins-diarios?download=526:boletim-diario-covid-n-141&start=10,Mozambique Ministry of Health,
Mozambique,2020-08-06,65151,tests performed,http://www.misau.gov.mz/index.php/covid-19-boletins-diarios?download=527:boletim-diario-covid-n-142&start=10,Mozambique Ministry of Health,
Mozambique,2020-08-07,66542,tests performed,http://www.misau.gov.mz/index.php/covid-19-boletins-diarios?download=529:boletim-diario-covid-n-143&start=10,Mozambique Ministry of Health,
Mozambique,2020-08-08,67403,tests performed,http://www.misau.gov.mz/index.php/covid-19-boletins-diarios?download=530:boletim-diario-covid-n-144&start=10,Mozambique Ministry of Health,
Mozambique,2020-08-09,68686,tests performed,http://www.misau.gov.mz/index.php/covid-19-boletins-diarios?download=531:boletim-diario-covid-n-145&start=10,Mozambique Ministry of Health,
Mozambique,2020-08-10,70459,tests performed,http://www.misau.gov.mz/index.php/covid-19-boletins-diarios?download=534:boletim-diario-covid-n-146&start=10,Mozambique Ministry of Health,
Mozambique,2020-08-11,71351,tests performed,http://www.misau.gov.mz/index.php/covid-19-boletins-diarios?download=535:boletim-diario-covid-n-147&start=10,Mozambique Ministry of Health,
Mozambique,2020-08-12,72461,tests performed,http://www.misau.gov.mz/index.php/covid-19-boletins-diarios?download=555:boletim-diario-covid-n-148&start=10,Mozambique Ministry of Health,
Mozambique,2020-08-13,73479,tests performed,http://www.misau.gov.mz/index.php/covid-19-boletins-diarios?download=556:boletim-diario-covid-n-149&start=10,Mozambique Ministry of Health,
Mozambique,2020-08-14,75430,tests performed,http://www.misau.gov.mz/index.php/covid-19-boletins-diarios?download=557:boletim-diario-covid-n-150&start=10,Mozambique Ministry of Health,
Mozambique,2020-08-15,76614,tests performed,http://www.misau.gov.mz/index.php/covid-19-boletins-diarios?download=558:boletim-diario-covid-n-151,Mozambique Ministry of Health,
Mozambique,2020-08-16,77584,tests performed,http://www.misau.gov.mz/index.php/covid-19-boletins-diarios?download=559:boletim-diario-covid-n-152,Mozambique Ministry of Health,
Mozambique,2020-08-17,78877,tests performed,http://www.misau.gov.mz/index.php/covid-19-boletins-diarios?download=560:boletim-diario-covid-n-153,Mozambique Ministry of Health,
Mozambique,2020-08-18,79504,tests performed,http://www.misau.gov.mz/index.php/covid-19-boletins-diarios?download=563:boletim-diario-covid-n-154,Mozambique Ministry of Health,
Mozambique,2020-08-19,80913,tests performed,http://www.misau.gov.mz/index.php/covid-19-boletins-diarios?download=564:boletim-diario-covid-n-155,Mozambique Ministry of Health,
Mozambique,2020-08-20,82264,tests performed,http://www.misau.gov.mz/index.php/covid-19-boletins-diarios?download=565:boletim-diario-covid-n-156,Mozambique Ministry of Health,
Mozambique,2020-08-21,83886,tests performed,http://www.misau.gov.mz/index.php/covid-19-boletins-diarios?download=567:boletim-diario-covid-n-157,Mozambique Ministry of Health,
Mozambique,2020-08-22,85137,tests performed,http://www.misau.gov.mz/index.php/covid-19-boletins-diarios?download=568:boletim-diario-covid-n-158,Mozambique Ministry of Health,
Mozambique,2020-08-23,86549,tests performed,http://www.misau.gov.mz/index.php/covid-19-boletins-diarios?download=570:boletim-diario-covid-n-159,Mozambique Ministry of Health,
Mozambique,2020-08-24,87565,tests performed,http://www.misau.gov.mz/index.php/covid-19-boletins-diarios?download=572:boletim-diario-covid-n-160,Mozambique Ministry of Health,
Mozambique,2020-08-25,89158,tests performed,https://www.misau.gov.mz/index.php/covid-19-boletins-diarios?download=574:boletim-diario-covid-19-n-161,Mozambique Ministry of Health,
Mozambique,2020-08-26,90566,tests performed,https://www.misau.gov.mz/index.php/covid-19-boletins-diarios?download=575:boletim-diario-covid-n-162,Mozambique Ministry of Health,
Mozambique,2020-08-27,91130,tests performed,https://www.misau.gov.mz/index.php/covid-19-boletins-diarios?download=576:boletim-diario-covid-n-163,Mozambique Ministry of Health,
Mozambique,2020-08-28,92046,tests performed,https://www.misau.gov.mz/index.php/covid-19-boletins-diarios?download=577:boletim-diario-covid-n-164,Mozambique Ministry of Health,
Mozambique,2020-08-29,92998,tests performed,https://www.misau.gov.mz/index.php/covid-19-boletins-diarios?download=578:boletim-diario-covid-n-165,Mozambique Ministry of Health,
Mozambique,2020-08-30,94696,tests performed,https://www.misau.gov.mz/index.php/covid-19-boletins-diarios?download=579:boletim-diario-covid-n-166,Mozambique Ministry of Health,
Mozambique,2020-08-31,96387,tests performed,https://www.misau.gov.mz/index.php/covid-19-boletins-diarios?download=580:boletim-diario-covid-n-167,Mozambique Ministry of Health,
Mozambique,2020-09-01,98455,tests performed,https://www.misau.gov.mz/index.php/covid-19-boletins-diarios?download=581:boletim-diario-covid-n-168,Mozambique Ministry of Health,
Mozambique,2020-09-02,99365,tests performed,https://www.misau.gov.mz/index.php/covid-19-boletins-diarios?download=583:boletim-diario-covid-n-169,Mozambique Ministry of Health,
Mozambique,2020-09-03,100873,tests performed,https://www.misau.gov.mz/index.php/covid-19-boletins-diarios?download=584:boletim-diario-covid-n-170,Mozambique Ministry of Health,
Mozambique,2020-09-04,101888,tests performed,https://www.misau.gov.mz/index.php/covid-19-boletins-diarios?download=585:boletim-diario-covid-n-171,Mozambique Ministry of Health,
Mozambique,2020-09-05,102456,tests performed,https://www.misau.gov.mz/index.php/covid-19-boletins-diarios?download=588:boletim-diario-covid-n-172,Mozambique Ministry of Health,
Mozambique,2020-09-06,104376,tests performed,https://www.misau.gov.mz/index.php/covid-19-boletins-diarios?download=589:boletim-diario-covid-n-173,Mozambique Ministry of Health,
Mozambique,2020-09-07,106382,tests performed,https://www.misau.gov.mz/index.php/covid-19-boletins-diarios?download=590:boletim-diario-covid-n-174,Mozambique Ministry of Health,
Mozambique,2020-09-08,107083,tests performed,https://www.misau.gov.mz/index.php/covid-19-boletins-diarios?download=592:boletim-diario-covid-n-175,Mozambique Ministry of Health,
Mozambique,2020-09-09,107758,tests performed,https://www.misau.gov.mz/index.php/covid-19-boletins-diarios?download=594:boletim-diario-covid-n-176,Mozambique Ministry of Health,
Mozambique,2020-09-10,108745,tests performed,https://www.misau.gov.mz/index.php/covid-19-boletins-diarios?download=600:boletim-diario-covid-n-177,Mozambique Ministry of Health,
Mozambique,2020-09-11,110310,tests performed,https://www.misau.gov.mz/index.php/covid-19-boletins-diarios?download=602:boletim-diario-covid-n-178,Mozambique Ministry of Health,
Mozambique,2020-09-12,112238,tests performed,https://www.misau.gov.mz/index.php/covid-19-boletins-diarios?download=603:boletim-diario-covid-n-179,Mozambique Ministry of Health,
Mozambique,2020-09-13,114333,tests performed,https://www.misau.gov.mz/index.php/covid-19-boletins-diarios?download=604:boletim-diario-covid-n-180,Mozambique Ministry of Health,
Mozambique,2020-09-14,115588,tests performed,https://www.misau.gov.mz/index.php/covid-19-boletins-diarios?download=605:boletim-diario-covid-n-181,Mozambique Ministry of Health,
Mozambique,2020-09-15,117029,tests performed,https://www.misau.gov.mz/index.php/covid-19-boletins-diarios?download=609:boletim-diario-covid-n-182,Mozambique Ministry of Health,
Mozambique,2020-09-16,118657,tests performed,https://www.misau.gov.mz/index.php/covid-19-boletins-diarios?download=613:boletim-diario-covid-n-183,Mozambique Ministry of Health,
Mozambique,2020-09-17,119689,tests performed,https://www.misau.gov.mz/index.php/covid-19-boletins-diarios?download=614:boletim-diario-covid-n-184,Mozambique Ministry of Health,
Mozambique,2020-09-18,121398,tests performed,https://www.misau.gov.mz/index.php/covid-19-boletins-diarios?download=615:boletim-diario-covid-n-185,Mozambique Ministry of Health,
Mozambique,2020-09-19,123212,tests performed,https://www.misau.gov.mz/index.php/covid-19-boletins-diarios?download=616:boletim-diario-covid-n-186,Mozambique Ministry of Health,
Mozambique,2020-09-20,124785,tests performed,https://www.misau.gov.mz/index.php/covid-19-boletins-diarios?download=617:boletim-diario-covid-n-187,Mozambique Ministry of Health,
Mozambique,2020-09-21,125633,tests performed,https://www.misau.gov.mz/index.php/covid-19-boletins-diarios?download=619:boletim-diario-covid-n-188,Mozambique Ministry of Health,
Mozambique,2020-09-22,127378,tests performed,https://www.misau.gov.mz/index.php/covid-19-boletins-diarios?download=623:boletim-diario-covid-n-189,Mozambique Ministry of Health,
Mozambique,2020-09-23,128805,tests performed,https://www.misau.gov.mz/index.php/covid-19-boletins-diarios?download=625:boletim-diario-covid-n-190,Mozambique Ministry of Health,
Mozambique,2020-09-24,130060,tests performed,https://www.misau.gov.mz/index.php/covid-19-boletins-diarios?download=626:boletim-diario-covid-n-191,Mozambique Ministry of Health,
Mozambique,2020-09-25,131579,tests performed,https://www.misau.gov.mz/index.php/covid-19-boletins-diarios?download=627:boletim-diario-covid-n-192,Mozambique Ministry of Health,
Mozambique,2020-09-26,132979,tests performed,https://www.misau.gov.mz/index.php/covid-19-boletins-diarios?download=628:boletim-diario-covid-n-193,Mozambique Ministry of Health,
Mozambique,2020-09-27,134011,tests performed,https://www.misau.gov.mz/index.php/covid-19-boletins-diarios?download=629:boletim-diario-covid-n-194,Mozambique Ministry of Health,
Mozambique,2020-09-28,135406,tests performed,https://www.misau.gov.mz/index.php/covid-19-boletins-diarios?download=630:boletim-diario-covid-n-195,Mozambique Ministry of Health,
Mozambique,2020-09-29,136683,tests performed,https://www.misau.gov.mz/index.php/covid-19-boletins-diarios?download=632:boletim-diario-covid-n-196,Mozambique Ministry of Health,
Mozambique,2020-09-30,138386,tests performed,https://www.misau.gov.mz/index.php/covid-19-boletins-diarios?download=637:boletim-diario-covid-n-197,Mozambique Ministry of Health,
Mozambique,2020-10-01,140310,tests performed,https://www.misau.gov.mz/index.php/covid-19-boletins-diarios?download=638:boletim-diario-covid-n-198,Mozambique Ministry of Health,
Mozambique,2020-10-02,142028,tests performed,https://www.misau.gov.mz/index.php/covid-19-boletins-diarios?download=639:boletim-diario-covid-n-199,Mozambique Ministry of Health,
Mozambique,2020-10-03,143281,tests performed,https://www.misau.gov.mz/index.php/covid-19-boletins-diarios?download=640:boletim-diario-covid-n-200,Mozambique Ministry of Health,
Mozambique,2020-10-04,144618,tests performed,https://www.misau.gov.mz/index.php/covid-19-boletins-diarios?download=641:boletim-diario-covid-n-201,Mozambique Ministry of Health,
Mozambique,2020-10-05,146106,tests performed,https://www.misau.gov.mz/index.php/covid-19-boletins-diarios?download=642:boletim-diario-covid-n-202,Mozambique Ministry of Health,
Mozambique,2020-10-06,147458,tests performed,https://www.misau.gov.mz/index.php/covid-19-boletins-diarios?download=645:boletim-diario-covid-n-203,Mozambique Ministry of Health,
Mozambique,2020-10-07,148538,tests performed,https://www.misau.gov.mz/index.php/covid-19-boletins-diarios?download=646:boletim-diario-covid-n-204,Mozambique Ministry of Health,
Mozambique,2020-10-08,150007,tests performed,https://www.misau.gov.mz/index.php/covid-19-boletins-diarios?download=647:boletim-diario-covid-n-205,Mozambique Ministry of Health,
Mozambique,2020-10-09,151813,tests performed,https://www.misau.gov.mz/index.php/covid-19-boletins-diarios?download=648:boletim-diario-covid-19-n-206,Mozambique Ministry of Health,
Mozambique,2020-10-10,152976,tests performed,https://www.misau.gov.mz/index.php/covid-19-boletins-diarios?download=650:boletim-diario-covid-n-207,Mozambique Ministry of Health,
Mozambique,2020-10-11,153915,tests performed,https://www.misau.gov.mz/index.php/covid-19-boletins-diarios?download=651:boletim-diario-covid-19-n-208,Mozambique Ministry of Health,
Mozambique,2020-10-12,155202,tests performed,https://www.misau.gov.mz/index.php/covid-19-boletins-diarios?download=652:boletim-diario-covid-19-n-209,Mozambique Ministry of Health,
Mozambique,2020-10-13,159334,tests performed,https://www.misau.gov.mz/index.php/covid-19-boletins-diarios?download=654:boletim-diario-covid-19-n-210,Mozambique Ministry of Health,
Mozambique,2020-10-14,160722,tests performed,https://www.misau.gov.mz/index.php/covid-19-boletins-diarios?download=655:boletim-diario-covid-19-n-211,Mozambique Ministry of Health,
Mozambique,2020-10-15,162335,tests performed,https://www.misau.gov.mz/index.php/covid-19-boletins-diarios?download=656:boletim-diario-covid-19-n-212,Mozambique Ministry of Health,
Mozambique,2020-10-16,164361,tests performed,https://www.misau.gov.mz/index.php/covid-19-boletins-diarios?download=657:boletim-diario-covid-19-n-213,Mozambique Ministry of Health,
Mozambique,2020-10-17,165671,tests performed,https://www.misau.gov.mz/index.php/covid-19-boletins-diarios?download=658:boletim-diario-covid-19-n-214,Mozambique Ministry of Health,
Mozambique,2020-10-18,167051,tests performed,https://www.misau.gov.mz/index.php/covid-19-boletins-diarios?download=659:boletim-diario-covid-19-n-215,Mozambique Ministry of Health,
Mozambique,2020-10-19,167816,tests performed,https://www.misau.gov.mz/index.php/covid-19-boletins-diarios?download=660:boletim-diario-covid-19-n-216,Mozambique Ministry of Health,
Mozambique,2020-10-20,168971,tests performed,https://www.misau.gov.mz/index.php/covid-19-boletins-diarios?download=663:boletim-diario-covid-19-n-217,Mozambique Ministry of Health,
Mozambique,2020-10-21,169947,tests performed,https://www.misau.gov.mz/index.php/covid-19-boletins-diarios?download=664:boletim-diario-covid-19-n-218,Mozambique Ministry of Health,
Mozambique,2020-10-22,175870,tests performed,https://www.misau.gov.mz/index.php/covid-19-boletins-diarios?download=666:boletim-diario-covid-19-n-219,Mozambique Ministry of Health,
Mozambique,2020-10-23,177287,tests performed,https://www.misau.gov.mz/index.php/covid-19-boletins-diarios?download=670:boletim-diario-covid-19-n-220,Mozambique Ministry of Health,
Mozambique,2020-10-24,178561,tests performed,https://www.misau.gov.mz/index.php/covid-19-boletins-diarios?download=671:boletim-diario-covid-19-n-221,Mozambique Ministry of Health,
Mozambique,2020-10-25,180557,tests performed,https://www.misau.gov.mz/index.php/covid-19-boletins-diarios?download=672:boletim-diario-covid-19-n-222,Mozambique Ministry of Health,
Mozambique,2020-10-26,181772,tests performed,https://www.misau.gov.mz/index.php/covid-19-boletins-diarios?download=673:boletim-diario-covid-19-n-233,Mozambique Ministry of Health,
Mozambique,2020-10-28,184284,tests performed,https://www.misau.gov.mz/index.php/covid-19-boletins-diarios?download=676:boletim-diario-covid-19-n-225,Mozambique Ministry of Health,
Mozambique,2020-10-29,185273,tests performed,https://www.misau.gov.mz/index.php/covid-19-boletins-diarios?download=680:boletim-diario-covid-19-n-266,Mozambique Ministry of Health,
Mozambique,2020-10-30,187499,tests performed,https://www.misau.gov.mz/index.php/covid-19-boletins-diarios?download=683:boletim-diario-covid-19-n-227,Mozambique Ministry of Health,
Mozambique,2020-10-31,188511,tests performed,https://www.misau.gov.mz/index.php/covid-19-boletins-diarios?download=684:boletim-diario-covid-19-n-228,Mozambique Ministry of Health,
Mozambique,2020-11-01,189990,tests performed,https://www.misau.gov.mz/index.php/covid-19-boletins-diarios?download=685:boletim-diario-covid-19-n-229,Mozambique Ministry of Health,
Mozambique,2020-11-02,191353,tests performed,https://www.misau.gov.mz/index.php/covid-19-boletins-diarios?download=686:boletim-diario-covid-19-n-230,Mozambique Ministry of Health,
Mozambique,2020-11-03,192285,tests performed,https://www.misau.gov.mz/index.php/covid-19-boletins-diarios?download=687:boletim-diario-covid-19-n-231,Mozambique Ministry of Health,
Mozambique,2020-11-04,194146,tests performed,https://www.misau.gov.mz/index.php/covid-19-boletins-diarios?download=688:boletim-diario-covid-19-n-232,Mozambique Ministry of Health,
Mozambique,2020-11-05,195643,tests performed,https://www.misau.gov.mz/index.php/covid-19-boletins-diarios?download=689:boletim-diario-covid-19-n-233,Mozambique Ministry of Health,
Mozambique,2020-11-06,196793,tests performed,https://www.misau.gov.mz/index.php/covid-19-boletins-diarios?download=690:boletim-diario-covid-19-n-234,Mozambique Ministry of Health,
Mozambique,2020-11-07,198863,tests performed,https://www.misau.gov.mz/index.php/covid-19-boletins-diarios?download=691:boletim-diario-covid-19-n-235,Mozambique Ministry of Health,
Mozambique,2020-11-08,200946,tests performed,https://www.misau.gov.mz/index.php/covid-19-boletins-diarios?download=692:boletim-diario-covid-19-n-236,Mozambique Ministry of Health,
Mozambique,2020-11-09,202742,tests performed,https://www.misau.gov.mz/index.php/covid-19-boletins-diarios?download=694:boletim-diario-covid-19-n-237,Mozambique Ministry of Health,
Mozambique,2020-11-10,204650,tests performed,https://www.misau.gov.mz/index.php/covid-19-boletins-diarios?download=696:boletim-diario-covid-19-n-238,Mozambique Ministry of Health,
Mozambique,2020-11-11,205952,tests performed,https://www.misau.gov.mz/index.php/covid-19-boletins-diarios?download=697:boletim-diario-covid-19-n-239,Mozambique Ministry of Health,
Mozambique,2020-11-12,206796,tests performed,https://www.misau.gov.mz/index.php/covid-19-boletins-diarios?download=698:boletim-diario-covid-19-n-240,Mozambique Ministry of Health,
Mozambique,2020-11-13,208123,tests performed,https://www.misau.gov.mz/index.php/covid-19-boletins-diarios?download=701:boletim-diario-covid-19-n-241,Mozambique Ministry of Health,
Mozambique,2020-11-14,209696,tests performed,https://www.misau.gov.mz/index.php/covid-19-boletins-diarios?download=702:boletim-diario-covid-19-n-242,Mozambique Ministry of Health,
Mozambique,2020-11-15,210599,tests performed,https://www.misau.gov.mz/index.php/covid-19-boletins-diarios?download=703:boletim-diario-covid-19-n-243,Mozambique Ministry of Health,
Mozambique,2020-11-16,211809,tests performed,https://www.misau.gov.mz/index.php/covid-19-boletins-diarios?download=707:boletim-diario-covid-19-n-244,Mozambique Ministry of Health,
Mozambique,2020-11-17,213115,tests performed,https://www.misau.gov.mz/index.php/covid-19-boletins-diarios?download=708:boletim-diario-covid-19-n-245,Mozambique Ministry of Health,
Mozambique,2020-11-18,214935,tests performed,https://www.misau.gov.mz/index.php/covid-19-boletins-diarios?download=709:boletim-diario-covid-19-n-246,Mozambique Ministry of Health,
Mozambique,2020-11-19,216448,tests performed,https://www.misau.gov.mz/index.php/covid-19-boletins-diarios?download=712:boletim-diario-covid-19-n-247,Mozambique Ministry of Health,
Mozambique,2020-11-20,218726,tests performed,https://www.misau.gov.mz/index.php/covid-19-boletins-diarios?download=713:boletim-diario-covid-19-n-248,Mozambique Ministry of Health,
Mozambique,2020-11-21,220268,tests performed,https://www.misau.gov.mz/index.php/covid-19-boletins-diarios?download=714:boletim-diario-covid-19-n-249 ,Mozambique Ministry of Health,
Mozambique,2020-11-22,222321,tests performed,https://www.misau.gov.mz/index.php/covid-19-boletins-diarios?download=715:boletim-diario-covid-19-n-250,Mozambique Ministry of Health,
Mozambique,2020-11-23,223235,tests performed,https://www.misau.gov.mz/index.php/covid-19-boletins-diarios?download=716:boletim-diario-covid-19-n-251,Mozambique Ministry of Health,
Mozambique,2020-11-24,224854,tests performed,https://www.misau.gov.mz/index.php/covid-19-boletins-diarios?download=718:boletim-diario-covid-19-n-252,Mozambique Ministry of Health,
Mozambique,2020-11-25,225762,tests performed,https://www.misau.gov.mz/index.php/covid-19-boletins-diarios?download=720:boletim-diario-covid-19-n-253,Mozambique Ministry of Health,
Mozambique,2020-11-26,227185,tests performed,https://www.misau.gov.mz/index.php/covid-19-boletins-diarios?download=724:boletim-diario-covid-19-n-254,Mozambique Ministry of Health,
Mozambique,2020-11-27,228683,tests performed,https://www.misau.gov.mz/index.php/covid-19-boletins-diarios?download=726:boletim-diario-covid-19-n-255,Mozambique Ministry of Health,
Mozambique,2020-11-28,229455,tests performed,https://www.misau.gov.mz/index.php/covid-19-boletins-diarios?download=727:boletim-diario-covid-19-n-256,Mozambique Ministry of Health,
Mozambique,2020-11-29,230490,tests performed,https://www.misau.gov.mz/index.php/covid-19-boletins-diarios?download=728:boletim-diario-covid-19-n-257,Mozambique Ministry of Health,
Mozambique,2020-11-30,231131,tests performed,https://www.misau.gov.mz/index.php/covid-19-boletins-diarios?download=730:boletim-diario-covid-19-n-258,Mozambique Ministry of Health,
Mozambique,2020-12-01,232684,tests performed,https://www.misau.gov.mz/index.php/covid-19-boletins-diarios?download=732:boletim-diario-covid-19-n-259,Mozambique Ministry of Health,
Mozambique,2020-12-02,234514,tests performed,https://www.misau.gov.mz/index.php/covid-19-boletins-diarios?download=733:boletim-diario-covid-19-n-260,Mozambique Ministry of Health,
Mozambique,2020-12-03,235439,tests performed,https://www.misau.gov.mz/index.php/covid-19-boletins-diarios?download=734:boletim-diario-covid-19-n-261,Mozambique Ministry of Health,
Mozambique,2020-12-04,236555,tests performed,https://www.misau.gov.mz/index.php/covid-19-boletins-diarios?download=735:boletim-diario-covid-19-n-262,Mozambique Ministry of Health,
Mozambique,2020-12-05,237408,tests performed,https://www.misau.gov.mz/index.php/covid-19-boletins-diarios?download=736:boletim-diario-covid-19-n-263,Mozambique Ministry of Health,
Mozambique,2020-12-06,238362,tests performed,https://www.misau.gov.mz/index.php/covid-19-boletins-diarios?download=737:boletim-diario-covid-19-n-246,Mozambique Ministry of Health,
Mozambique,2020-12-07,239164,tests performed,https://www.misau.gov.mz/index.php/covid-19-boletins-diarios?download=738:boletim-diario-covid-19-n-265,Mozambique Ministry of Health,
Mozambique,2020-12-08,239810,tests performed,https://www.misau.gov.mz/index.php/covid-19-boletins-diarios?download=739:boletim-diario-covid-19-n-266,Mozambique Ministry of Health,
Mozambique,2020-12-09,241226,tests performed,https://www.misau.gov.mz/index.php/covid-19-boletins-diarios?download=740:boletim-diario-covid-19-n-267,Mozambique Ministry of Health,
Mozambique,2020-12-10,243314,tests performed,https://www.misau.gov.mz/index.php/covid-19-boletins-diarios?download=742:boletim-diario-covid-19-n-268,Mozambique Ministry of Health,
Mozambique,2020-12-11,245388,tests performed,https://www.misau.gov.mz/index.php/covid-19-boletins-diarios?download=744:boletim-diario-covid-19-n-269,Mozambique Ministry of Health,
Mozambique,2020-12-12,247448,tests performed,https://www.misau.gov.mz/index.php/covid-19-boletins-diarios?download=745:boletim-diario-covid-19-n-270,Mozambique Ministry of Health,
Mozambique,2020-12-13,248476,tests performed,https://www.misau.gov.mz/index.php/covid-19-boletins-diarios?download=746:boletim-diario-covid-19-n-271,Mozambique Ministry of Health,
Mozambique,2020-12-14,249302,tests performed,https://www.misau.gov.mz/index.php/covid-19-boletins-diarios?download=747:boletim-diario-covid-19-n-272,Mozambique Ministry of Health,
Mozambique,2020-12-15,249773,tests performed,https://www.misau.gov.mz/index.php/covid-19-boletins-diarios?download=749:boletim-diario-covid-19-n-273,Mozambique Ministry of Health,
Mozambique,2020-12-16,251609,tests performed,https://www.misau.gov.mz/index.php/covid-19-boletins-diarios?download=750:boletim-diario-covid-19-n-274,Mozambique Ministry of Health,
Mozambique,2020-12-17,253364,tests performed,https://www.misau.gov.mz/index.php/covid-19-boletins-diarios?download=756:boletim-diario-covid-19-n-275,Mozambique Ministry of Health,
Mozambique,2020-12-18,254750,tests performed,https://www.misau.gov.mz/index.php/covid-19-boletins-diarios?download=758:boletim-diario-covid-19-n-276,Mozambique Ministry of Health,
Mozambique,2020-12-19,256524,tests performed,https://www.misau.gov.mz/index.php/covid-19-boletins-diarios?download=760:boletim-diario-covid-19-n-277,Mozambique Ministry of Health,
Mozambique,2020-12-20,257648,tests performed,https://www.misau.gov.mz/index.php/covid-19-boletins-diarios?download=761:boletim-diario-covid-19-n-278,Mozambique Ministry of Health,
Mozambique,2020-12-21,258914,tests performed,https://www.misau.gov.mz/index.php/covid-19-boletins-diarios?download=766:boletim-diario-covid-19-n-279,Mozambique Ministry of Health,
Mozambique,2020-12-22,260139,tests performed,https://www.misau.gov.mz/index.php/covid-19-boletins-diarios?download=767:boletim-diario-covid-19-n-280,Mozambique Ministry of Health,
Mozambique,2020-12-23,261727,tests performed,https://www.misau.gov.mz/index.php/covid-19-boletins-diarios?download=769:boletim-diario-covid-19-n-281,Mozambique Ministry of Health,
Mozambique,2020-12-24,263522,tests performed,https://www.misau.gov.mz/index.php/covid-19-boletins-diarios?download=770:boletim-diario-covid-19-n-282,Mozambique Ministry of Health,
Mozambique,2020-12-25,265127,tests performed,https://www.misau.gov.mz/index.php/covid-19-boletins-diarios?download=771:boletim-diario-covid-n-283,Mozambique Ministry of Health,
Mozambique,2020-12-26,265739,tests performed,https://www.misau.gov.mz/index.php/covid-19-boletins-diarios?download=772:boletim-diario-covid-19-n-284,Mozambique Ministry of Health,
Mozambique,2020-12-27,266841,tests performed,https://www.misau.gov.mz/index.php/covid-19-boletins-diarios?download=773:boletim-diario-covid-19-n-285,Mozambique Ministry of Health,
Mozambique,2020-12-28,267599,tests performed,https://www.misau.gov.mz/index.php/covid-19-boletins-diarios?download=774:boletim-diario-covid-n-186,Mozambique Ministry of Health,
Mozambique,2020-12-29,268576,tests performed,https://www.misau.gov.mz/index.php/covid-19-boletins-diarios?download=776:boletim-diario-covid-n-287,Mozambique Ministry of Health,
Mozambique,2020-12-30,270250,tests performed,https://www.misau.gov.mz/index.php/covid-19-boletins-diarios?download=777:boletim-diario-covid-19-n-288,Mozambique Ministry of Health,
Mozambique,2020-12-31,271947,tests performed,https://www.misau.gov.mz/index.php/covid-19-boletins-diarios?download=779:boletim-diario-covid-n-189,Mozambique Ministry of Health,
Mozambique,2021-01-01,273329,tests performed,https://www.misau.gov.mz/index.php/covid-19-boletins-diarios?download=780:boletim-diario-covid-19-n-290,Mozambique Ministry of Health,
Mozambique,2021-01-04,277452,tests performed,https://www.misau.gov.mz/index.php/covid-19-boletins-diarios?download=783:boletim-diario-covid-19-n-293,Mozambique Ministry of Health,
Mozambique,2021-01-05,278701,tests performed,https://www.misau.gov.mz/index.php/covid-19-boletins-diarios?download=784:boletim-diario-covid-19-n-294,Mozambique Ministry of Health,
Mozambique,2021-01-06,279453,tests performed,https://www.misau.gov.mz/index.php/covid-19-boletins-diarios?download=785:boletim-diario-covid-19-n-295,Mozambique Ministry of Health,
Mozambique,2021-01-07,280786,tests performed,https://www.misau.gov.mz/index.php/covid-19-boletins-diarios?download=787:boletim-diario-covid-19-n-296,Mozambique Ministry of Health,
Mozambique,2021-01-08,283058,tests performed,https://www.misau.gov.mz/index.php/covid-19-boletins-diarios?download=788:boletim-diario-covid-19-n-297,Mozambique Ministry of Health,
Mozambique,2021-01-09,286249,tests performed,https://www.misau.gov.mz/index.php/covid-19-boletins-diarios?download=789:boletim-diario-covid-19-n-298,Mozambique Ministry of Health,
Mozambique,2021-01-10,288674,tests performed,https://www.misau.gov.mz/index.php/covid-19-boletins-diarios?download=790:boletim-diario-covid-19-n-299,Mozambique Ministry of Health,
Mozambique,2021-01-11,290733,tests performed,https://www.misau.gov.mz/index.php/covid-19-boletins-diarios?download=791:boletim-diario-covid-19-n-300,Mozambique Ministry of Health,
Mozambique,2021-01-12,293201,tests performed,https://www.misau.gov.mz/index.php/covid-19-boletins-diarios?download=793:boletim-diario-covid-19-n-301,Mozambique Ministry of Health,
Mozambique,2021-01-13,295222,tests performed,https://www.misau.gov.mz/index.php/covid-19-boletins-diarios?download=794:boletim-diario-covid-19-n-302,Mozambique Ministry of Health,
Mozambique,2021-01-14,296922,tests performed,https://www.misau.gov.mz/index.php/covid-19-boletins-diarios?download=795:boletim-diario-covid-19-n-303,Mozambique Ministry of Health,
Mozambique,2021-01-15,298575,tests performed,https://www.misau.gov.mz/index.php/covid-19-boletins-diarios?download=795:boletim-diario-covid-19-n-304,Mozambique Ministry of Health,
Mozambique,2021-01-16,301754,tests performed,https://www.misau.gov.mz/index.php/covid-19-boletins-diarios?download=795:boletim-diario-covid-19-n-305,Mozambique Ministry of Health,
Mozambique,2021-01-17,304511,tests performed,https://www.misau.gov.mz/index.php/covid-19-boletins-diarios?download=795:boletim-diario-covid-19-n-306,Mozambique Ministry of Health,
Mozambique,2021-01-18,306344,tests performed,https://www.misau.gov.mz/index.php/covid-19-boletins-diarios?download=795:boletim-diario-covid-19-n-307,Mozambique Ministry of Health,
Mozambique,2021-01-19,308913,tests performed,https://www.misau.gov.mz/index.php/covid-19-boletins-diarios?download=795:boletim-diario-covid-19-n-308,Mozambique Ministry of Health,
Mozambique,2021-01-20,313119,tests performed,https://www.misau.gov.mz/index.php/covid-19-boletins-diarios?download=803:boletim-diario-covid-19-n-309,Mozambique Ministry of Health,
Mozambique,2021-01-21,316171,tests performed,https://www.misau.gov.mz/index.php/covid-19-boletins-diarios?download=804:boletim-diario-covid-19-n-310,Mozambique Ministry of Health,
Mozambique,2021-01-22,319169,tests performed,https://www.misau.gov.mz/index.php/covid-19-boletins-diarios?download=805:boletim-diario-covid-19-n-311,Mozambique Ministry of Health,
Mozambique,2021-01-23,321960,tests performed,https://www.misau.gov.mz/index.php/covid-19-boletins-diarios?download=807:boletim-diario-covid-19-n-312,Mozambique Ministry of Health,
Mozambique,2021-01-24,324868,tests performed,https://www.misau.gov.mz/index.php/covid-19-boletins-diarios?download=808:boletim-diario-covid-19-n-313,Mozambique Ministry of Health,
Mozambique,2021-01-25,325910,tests performed,https://www.misau.gov.mz/index.php/covid-19-boletins-diarios?download=809:boletim-diario-covid-19-n-314,Mozambique Ministry of Health,
Mozambique,2021-01-26,328890,tests performed,https://www.misau.gov.mz/index.php/covid-19-boletins-diarios?download=811:boletim-diario-covid-19-n-315,Mozambique Ministry of Health,
Mozambique,2021-01-27,331929,tests performed,https://www.misau.gov.mz/index.php/covid-19-boletins-diarios?download=813:boletim-diario-covid-19-n-316,Mozambique Ministry of Health,
Mozambique,2021-01-28,334351,tests performed,https://www.misau.gov.mz/index.php/covid-19-boletins-diarios?download=814:boletim-diario-covid-19-n-317,Mozambique Ministry of Health,
Mozambique,2021-01-29,338927,tests performed,https://www.misau.gov.mz/index.php/covid-19-boletins-diarios?download=815:boletim-diario-covid-19-n-318,Mozambique Ministry of Health,
Mozambique,2021-01-30,341004,tests performed,https://www.misau.gov.mz/index.php/covid-19-boletins-diarios?download=816:boletim-diario-covid-19-n-319,Mozambique Ministry of Health,
Mozambique,2021-01-31,344825,tests performed,https://www.misau.gov.mz/index.php/covid-19-boletins-diarios?download=817:boletim-diario-covid-19-n-320,Mozambique Ministry of Health,
Mozambique,2021-02-01,347710,tests performed,https://www.misau.gov.mz/index.php/covid-19-boletins-diarios?download=818:boletim-diario-covid-19-n-321,Mozambique Ministry of Health,
Mozambique,2021-02-02,350352,tests performed,https://www.misau.gov.mz/index.php/covid-19-boletins-diarios?download=820:boletim-diario-covid-19-n-322,Mozambique Ministry of Health,
Mozambique,2021-02-03,353703,tests performed,https://www.misau.gov.mz/index.php/covid-19-boletins-diarios?download=821:boletim-diario-covid-19-n-323,Mozambique Ministry of Health,
Mozambique,2021-02-04,356317,tests performed,https://www.misau.gov.mz/index.php/covid-19-boletins-diarios?download=823:boletim-diario-covid-19-n-324,Mozambique Ministry of Health,
Mozambique,2021-02-05,358591,tests performed,https://www.misau.gov.mz/index.php/covid-19-boletins-diarios?download=825:boletim-diario-covid-19-n-325,Mozambique Ministry of Health,
Mozambique,2021-02-06,361142,tests performed,https://www.misau.gov.mz/index.php/covid-19-boletins-diarios?download=826:boletim-diario-covid-19-n-326,Mozambique Ministry of Health,
Mozambique,2021-02-07,363047,tests performed,https://www.misau.gov.mz/index.php/covid-19-boletins-diarios?download=827:boletim-diario-covid-19-n-327,Mozambique Ministry of Health,
Mozambique,2021-02-08,364870,tests performed,https://www.misau.gov.mz/index.php/covid-19-boletins-diarios?download=827:boletim-diario-covid-19-n-328,Mozambique Ministry of Health,
Mozambique,2021-02-09,367994,tests performed,https://www.misau.gov.mz/index.php/covid-19-boletins-diarios?download=827:boletim-diario-covid-19-n-329,Mozambique Ministry of Health,
Mozambique,2021-02-10,370782,tests performed,https://www.misau.gov.mz/index.php/covid-19-boletins-diarios?download=827:boletim-diario-covid-19-n-330,Mozambique Ministry of Health,
Mozambique,2021-02-11,374520,tests performed,https://www.misau.gov.mz/index.php/covid-19-boletins-diarios?download=833:boletim-diario-covid-19-n-331,Mozambique Ministry of Health,
Mozambique,2021-02-12,377127,tests performed,https://www.misau.gov.mz/index.php/covid-19-boletins-diarios?download=834:boletim-diario-covid-19-n-332,Mozambique Ministry of Health,
Mozambique,2021-02-13,380622,tests performed,https://www.misau.gov.mz/index.php/covid-19-boletins-diarios?download=835:boletim-diario-covid-19-n-333,Mozambique Ministry of Health,
Mozambique,2021-02-14,383085,tests performed,https://www.misau.gov.mz/index.php/covid-19-boletins-diarios?download=837:boletim-diario-covid-19-n-334,Mozambique Ministry of Health,
Mozambique,2021-02-15,384934,tests performed,https://www.misau.gov.mz/index.php/covid-19-boletins-diarios?download=838:boletim-diario-covid-19-n-335,Mozambique Ministry of Health,
Mozambique,2021-02-16,388277,tests performed,https://www.misau.gov.mz/index.php/covid-19-boletins-diarios?download=840:boletim-diario-covid-19-n-336,Mozambique Ministry of Health,
Mozambique,2021-02-17,392060,tests performed,https://www.misau.gov.mz/index.php/covid-19-boletins-diarios?download=841:boletim-diario-covid-19-n-337,Mozambique Ministry of Health,
Mozambique,2021-02-18,395766,tests performed,https://www.misau.gov.mz/index.php/covid-19-boletins-diarios?download=842:boletim-diario-covid-19-n-338,Mozambique Ministry of Health,
Mozambique,2021-02-19,398598,tests performed,https://www.misau.gov.mz/index.php/covid-19-boletins-diarios?download=843:boletim-diario-covid-19-n-339,Mozambique Ministry of Health,
Mozambique,2021-02-20,401368,tests performed,https://www.misau.gov.mz/index.php/covid-19-boletins-diarios?download=844:boletim-diario-covid-19-n-340,Mozambique Ministry of Health,
Mozambique,2021-02-21,404213,tests performed,https://www.misau.gov.mz/index.php/covid-19-boletins-diarios?download=845:boletim-diario-covid-19-n-341,Mozambique Ministry of Health,
Mozambique,2021-02-22,406550,tests performed,https://www.misau.gov.mz/index.php/covid-19-boletins-diarios?download=847:boletim-diario-covid-19-n-342,Mozambique Ministry of Health,
Mozambique,2021-02-23,408510,tests performed,https://www.misau.gov.mz/index.php/covid-19-boletins-diarios?download=848:boletim-diario-covid-19-n-343,Mozambique Ministry of Health,
Mozambique,2021-02-24,410066,tests performed,https://www.misau.gov.mz/index.php/covid-19-boletins-diarios?download=849:boletim-diario-covid-19-n-344,Mozambique Ministry of Health,
Mozambique,2021-02-25,413982,tests performed,https://www.misau.gov.mz/index.php/covid-19-boletins-diarios?download=850:boletim-diario-covid-19-n-345,Mozambique Ministry of Health,
Mozambique,2021-02-26,417081,tests performed,https://www.misau.gov.mz/index.php/covid-19-boletins-diarios?download=851:boletim-diario-covid-19-n-346,Mozambique Ministry of Health,
Mozambique,2021-02-27,420600,tests performed,https://www.misau.gov.mz/index.php/covid-19-boletins-diarios?download=852:boletim-diario-covid-19-n-347,Mozambique Ministry of Health,
Mozambique,2021-02-28,423338,tests performed,https://www.misau.gov.mz/index.php/covid-19-boletins-diarios?download=853:boletim-diario-covid-19-n-348,Mozambique Ministry of Health,
Mozambique,2021-03-01,424885,tests performed,https://www.misau.gov.mz/index.php/covid-19-boletins-diarios?download=854:boletim-diario-covid-19-n-348,Mozambique Ministry of Health,
Mozambique,2021-03-02,426628,tests performed,https://www.misau.gov.mz/index.php/covid-19-boletins-diarios?download=857:boletim-diario-covid-19-n-350,Mozambique Ministry of Health,
Mozambique,2021-03-03,428868,tests performed,https://www.misau.gov.mz/index.php/covid-19-boletins-diarios?download=858:boletim-diario-covid-19-n-351,Mozambique Ministry of Health,
Mozambique,2021-03-04,433264,tests performed,https://www.misau.gov.mz/index.php/covid-19-boletins-diarios?download=868:boletim-diario-covid-19-n-352,Mozambique Ministry of Health,
Mozambique,2021-03-05,435906,tests performed,https://www.misau.gov.mz/index.php/covid-19-boletins-diarios?download=871:boletim-diario-covid-19-n-353,Mozambique Ministry of Health,
Mozambique,2021-03-06,438464,tests performed,https://www.misau.gov.mz/index.php/covid-19-boletins-diarios?download=873:boletim-diario-covid-19-n-354,Mozambique Ministry of Health,
Mozambique,2021-03-07,441121,tests performed,https://www.misau.gov.mz/index.php/covid-19-boletins-diarios?download=875:boletim-diario-covid-19-n-355,Mozambique Ministry of Health,
Mozambique,2021-03-08,442472,tests performed,https://www.misau.gov.mz/index.php/covid-19-boletins-diarios?download=877:boletim-diario-covid-19-n-356,Mozambique Ministry of Health,
Mozambique,2021-03-09,443786,tests performed,https://www.misau.gov.mz/index.php/covid-19-boletins-diarios?download=880:boletim-diario-covid-19-n-357,Mozambique Ministry of Health,
Mozambique,2021-03-10,445498,tests performed,https://www.misau.gov.mz/index.php/covid-19-boletins-diarios?download=881:boletim-diario-covid-19-n-358,Mozambique Ministry of Health,
Mozambique,2021-03-11,448026,tests performed,https://www.misau.gov.mz/index.php/covid-19-boletins-diarios?download=888:boletim-diario-covid-19-n-359,Mozambique Ministry of Health,
Mozambique,2021-03-12,450293,tests performed,https://www.misau.gov.mz/index.php/covid-19-boletins-diarios?download=890:boletim-diario-covid-19-n-360,Mozambique Ministry of Health,
Mozambique,2021-03-13,452192,tests performed,https://www.misau.gov.mz/index.php/covid-19-boletins-diarios?download=891:boletim-diario-covid-19-n-361,Mozambique Ministry of Health,
Mozambique,2021-03-14,453685,tests performed,https://www.misau.gov.mz/index.php/covid-19-boletins-diarios?download=892:boletim-diario-covid-19-n-362,Mozambique Ministry of Health,
Mozambique,2021-03-15,454528,tests performed,https://www.misau.gov.mz/index.php/covid-19-boletins-diarios?download=893:boletim-diario-covid-19-n-363,Mozambique Ministry of Health,
Mozambique,2021-03-16,456343,tests performed,https://www.misau.gov.mz/index.php/covid-19-boletins-diarios?download=894:boletim-diario-covid-19-n-364,Mozambique Ministry of Health,
Mozambique,2021-03-17,458121,tests performed,https://www.misau.gov.mz/index.php/covid-19-boletins-diarios?download=896:boletim-diario-covid-19-n-365,Mozambique Ministry of Health,
Mozambique,2021-03-18,459580,tests performed,https://www.misau.gov.mz/index.php/covid-19-boletins-diarios?download=897:boletim-diario-covid-19-n-366,Mozambique Ministry of Health,
Mozambique,2021-03-19,462195,tests performed,https://www.misau.gov.mz/index.php/covid-19-boletins-diarios?download=898:boletim-diario-covid-19-n-367,Mozambique Ministry of Health,
Mozambique,2021-03-20,464194,tests performed,https://www.misau.gov.mz/index.php/covid-19-boletins-diarios?download=899:boletim-diario-covid-19-n-368,Mozambique Ministry of Health,
Mozambique,2021-03-21,465398,tests performed,https://www.misau.gov.mz/index.php/covid-19-boletins-diarios?download=900:boletim-diario-covid-19-n-369,Mozambique Ministry of Health,
Mozambique,2021-03-22,466296,tests performed,https://www.misau.gov.mz/index.php/covid-19-boletins-diarios?download=901:boletim-diario-covid-19-n-370,Mozambique Ministry of Health,
Mozambique,2021-03-23,467993,tests performed,https://www.misau.gov.mz/index.php/covid-19-boletins-diarios?download=903:boletim-diario-covid-19-n-371,Mozambique Ministry of Health,
Mozambique,2021-03-24,469425,tests performed,https://www.misau.gov.mz/index.php/covid-19-boletins-diarios?download=904:boletim-diario-covid-19-n-372,Mozambique Ministry of Health,
Mozambique,2021-03-25,471022,tests performed,https://www.misau.gov.mz/index.php/covid-19-boletins-diarios?download=905:boletim-diario-covid-19-n-373,Mozambique Ministry of Health,
Mozambique,2021-03-26,472501,tests performed,https://www.misau.gov.mz/index.php/covid-19-boletins-diarios?download=906:boletim-diario-covid-19-n-374,Mozambique Ministry of Health,
Mozambique,2021-03-27,474942,tests performed,https://www.misau.gov.mz/index.php/covid-19-boletins-diarios?download=907:boletim-diario-covid-19-n-375,Mozambique Ministry of Health,
Mozambique,2021-03-28,476561,tests performed,https://www.misau.gov.mz/index.php/covid-19-boletins-diarios?download=908:boletim-diario-covid-19-n-376,Mozambique Ministry of Health,
Mozambique,2021-03-29,477794,tests performed,https://www.misau.gov.mz/index.php/covid-19-boletins-diarios?download=909:boletim-diario-covid-19-n-377,Mozambique Ministry of Health,
Mozambique,2021-03-30,479349,tests performed,https://www.misau.gov.mz/index.php/covid-19-boletins-diarios?download=914:boletim-diario-covid-19-n-378,Mozambique Ministry of Health,
Mozambique,2021-03-31,480898,tests performed,https://www.misau.gov.mz/index.php/covid-19-boletins-diarios?download=915:boletim-diario-covid-19-n-379,Mozambique Ministry of Health,
Mozambique,2021-04-01,482221,tests performed,https://www.misau.gov.mz/index.php/covid-19-boletins-diarios?download=916:boletim-diario-covid-19-n-380,Mozambique Ministry of Health,
Mozambique,2021-04-02,484026,tests performed,https://www.misau.gov.mz/index.php/covid-19-boletins-diarios?download=917:boletim-diario-covid-19-n-381,Mozambique Ministry of Health,
Mozambique,2021-04-03,485779,tests performed,https://www.misau.gov.mz/index.php/covid-19-boletins-diarios?download=918:boletim-diario-covid-19-n-382,Mozambique Ministry of Health,
Mozambique,2021-04-04,487021,tests performed,https://www.misau.gov.mz/index.php/covid-19-boletins-diarios?download=919:boletim-diario-covid-19-n-383,Mozambique Ministry of Health,
Mozambique,2021-04-05,489119,tests performed,https://www.misau.gov.mz/index.php/covid-19-boletins-diarios?download=920:boletim-diario-covid-19-n-384,Mozambique Ministry of Health,
Mozambique,2021-04-06,489927,tests performed,https://www.misau.gov.mz/index.php/covid-19-boletins-diarios?download=921:boletim-diario-covid-19-n-385,Mozambique Ministry of Health,
Mozambique,2021-04-07,491304,tests performed,https://www.misau.gov.mz/index.php/covid-19-boletins-diarios?download=922:boletim-diario-covid-19-n-386,Mozambique Ministry of Health,
Mozambique,2021-04-08,492119,tests performed,https://www.misau.gov.mz/index.php/covid-19-boletins-diarios?download=924:boletim-diario-covid-19-n-387,Mozambique Ministry of Health,
Mozambique,2021-04-09,493153,tests performed,https://www.misau.gov.mz/index.php/covid-19-boletins-diarios?download=925:boletim-diario-covid-19-n-388,Mozambique Ministry of Health,
Mozambique,2021-04-10,494568,tests performed,https://www.misau.gov.mz/index.php/covid-19-boletins-diarios?download=926:boletim-diario-covid-19-n-389,Mozambique Ministry of Health,
Mozambique,2021-04-11,496181,tests performed,https://www.misau.gov.mz/index.php/covid-19-boletins-diarios?download=928:boletim-diario-covid-19-n-390,Mozambique Ministry of Health,
Mozambique,2021-04-12,496890,tests performed,https://www.misau.gov.mz/index.php/covid-19-boletins-diarios?download=929:boletim-diario-covid-19-n-391,Mozambique Ministry of Health,
Mozambique,2021-04-13,498247,tests performed,https://www.misau.gov.mz/index.php/covid-19-boletins-diarios?download=933:boletim-diario-covid-19-n-392,Mozambique Ministry of Health,
Mozambique,2021-04-14,499510,tests performed,https://www.misau.gov.mz/index.php/covid-19-boletins-diarios?download=934:boletim-diario-covid-19-n-393,Mozambique Ministry of Health,
Mozambique,2021-04-15,500757,tests performed,https://www.misau.gov.mz/index.php/covid-19-boletins-diarios?download=935:boletim-diario-covid-19-n-394,Mozambique Ministry of Health,
Mozambique,2021-04-16,501859,tests performed,https://www.misau.gov.mz/index.php/covid-19-boletins-diarios?download=936:boletim-diario-covid-19-n-395,Mozambique Ministry of Health,
Mozambique,2021-04-17,503001,tests performed,https://www.misau.gov.mz/index.php/covid-19-boletins-diarios?download=937:boletim-diario-covid-19-n-396,Mozambique Ministry of Health,
Mozambique,2021-04-18,504012,tests performed,https://www.misau.gov.mz/index.php/covid-19-boletins-diarios?download=938:boletim-diario-covid-19-n-397,Mozambique Ministry of Health,
Mozambique,2021-04-19,504532,tests performed,https://www.misau.gov.mz/index.php/covid-19-boletins-diarios?download=941:boletim-diario-covid-19-n-398,Mozambique Ministry of Health,
Mozambique,2021-04-20,505597,tests performed,https://www.misau.gov.mz/index.php/covid-19-boletins-diarios?download=943:boletim-diario-covid-19-n-399,Mozambique Ministry of Health,
Mozambique,2021-04-21,507194,tests performed,https://www.misau.gov.mz/index.php/covid-19-boletins-diarios?download=944:boletim-diario-covid-19-n-400,Mozambique Ministry of Health,
Mozambique,2021-04-22,508573,tests performed,https://www.misau.gov.mz/index.php/covid-19-boletins-diarios?download=945:boletim-diario-covid-19-n-401,Mozambique Ministry of Health,
Mozambique,2021-04-23,510093,tests performed,https://www.misau.gov.mz/index.php/covid-19-boletins-diarios?download=946:boletim-diario-covid-19-n-402,Mozambique Ministry of Health,
Mozambique,2021-04-24,511476,tests performed,https://www.misau.gov.mz/index.php/covid-19-boletins-diarios?download=948:boletim-diario-covid-19-n-403,Mozambique Ministry of Health,
Mozambique,2021-04-25,512219,tests performed,https://www.misau.gov.mz/index.php/covid-19-boletins-diarios?download=950:boletim-diario-covid-19-n-404,Mozambique Ministry of Health,
Mozambique,2021-04-26,513095,tests performed,https://www.misau.gov.mz/index.php/covid-19-boletins-diarios?download=951:boletim-diario-covid-19-n-405,Mozambique Ministry of Health,
Mozambique,2021-04-27,513864,tests performed,https://www.misau.gov.mz/index.php/covid-19-boletins-diarios?download=952:boletim-diario-covid-19-n-406,Mozambique Ministry of Health,
Mozambique,2021-04-28,515115,tests performed,https://www.misau.gov.mz/index.php/covid-19-boletins-diarios?download=953:boletim-diario-covid-19-n-407,Mozambique Ministry of Health,
Mozambique,2021-04-29,517018,tests performed,https://www.misau.gov.mz/index.php/covid-19-boletins-diarios?download=954:boletim-diario-covid-19-n-408,Mozambique Ministry of Health,
Mozambique,2021-04-30,518615,tests performed,https://www.misau.gov.mz/index.php/covid-19-boletins-diarios?download=956:boletim-diario-covid-19-n-409,Mozambique Ministry of Health,
Mozambique,2021-05-01,520205,tests performed,https://www.misau.gov.mz/index.php/covid-19-boletins-diarios?download=957:boletim-diario-covid-19-n-410,Mozambique Ministry of Health,
Mozambique,2021-05-02,521012,tests performed,https://www.misau.gov.mz/index.php/covid-19-boletins-diarios?download=958:boletim-diario-covid-19-n-411,Mozambique Ministry of Health,
Mozambique,2021-05-03,521347,tests performed,https://www.misau.gov.mz/index.php/covid-19-boletins-diarios?download=959:boletim-diario-covid-19-n-412,Mozambique Ministry of Health,
Mozambique,2021-05-04,522290,tests performed,https://www.misau.gov.mz/index.php/covid-19-boletins-diarios?download=960:boletim-diario-covid-19-n-413,Mozambique Ministry of Health,
Mozambique,2021-05-05,522988,tests performed,https://www.misau.gov.mz/index.php/covid-19-boletins-diarios?download=961:boletim-diario-covid-19-n-414,Mozambique Ministry of Health,
Mozambique,2021-05-06,524063,tests performed,https://www.misau.gov.mz/index.php/covid-19-boletins-diarios?download=962:boletim-diario-covid-19-n-415,Mozambique Ministry of Health,
Mozambique,2021-05-07,525385,tests performed,https://www.misau.gov.mz/index.php/covid-19-boletins-diarios?download=963:boletim-diario-covid-19-n-416,Mozambique Ministry of Health,
Mozambique,2021-05-08,526810,tests performed,https://www.misau.gov.mz/index.php/covid-19-boletins-diarios?download=964:boletim-diario-covid-19-n-417,Mozambique Ministry of Health,
Mozambique,2021-05-09,528305,tests performed,https://www.misau.gov.mz/index.php/covid-19-boletins-diarios?download=975:boletim-diario-covid-19-n-418,Mozambique Ministry of Health,
Mozambique,2021-05-10,528627,tests performed,https://www.misau.gov.mz/index.php/covid-19-boletins-diarios?download=976:boletim-diario-covid-19-n-419,Mozambique Ministry of Health,
Mozambique,2021-05-11,529546,tests performed,https://www.misau.gov.mz/index.php/covid-19-boletins-diarios?download=977:boletim-diario-covid-19-n-420,Mozambique Ministry of Health,
Mozambique,2021-05-12,530868,tests performed,https://www.misau.gov.mz/index.php/covid-19-boletins-diarios?download=978:boletim-diario-covid-19-n-421,Mozambique Ministry of Health,
Mozambique,2021-05-14,535701,tests performed,https://www.misau.gov.mz/index.php/covid-19-boletins-diarios?download=980:boletim-diario-covid-19-n-423,Mozambique Ministry of Health,
Mozambique,2021-05-16,536999,tests performed,https://www.misau.gov.mz/index.php/covid-19-boletins-diarios?download=982:boletim-diario-covid-19-n-425,Mozambique Ministry of Health,
Mozambique,2021-05-17,537525,tests performed,https://www.misau.gov.mz/index.php/covid-19-boletins-diarios?download=983:boletim-diario-covid-19-n-426,Mozambique Ministry of Health,
Mozambique,2021-05-18,538679,tests performed,https://www.misau.gov.mz/index.php/covid-19-boletins-diarios?download=984:boletim-diario-covid-19-n-427,Mozambique Ministry of Health,
Mozambique,2021-05-19,540123,tests performed,https://www.misau.gov.mz/index.php/covid-19-boletins-diarios?download=985:boletim-diario-covid-19-n-428,Mozambique Ministry of Health,
Mozambique,2021-05-20,541429,tests performed,https://www.misau.gov.mz/index.php/covid-19-boletins-diarios?download=986:boletim-diario-covid-19-n-429,Mozambique Ministry of Health,
Mozambique,2021-05-21,542895,tests performed,https://www.misau.gov.mz/index.php/covid-19-boletins-diarios?download=987:boletim-diario-covid-19-n-430,Mozambique Ministry of Health,
Mozambique,2021-05-22,544605,tests performed,https://www.misau.gov.mz/index.php/covid-19-boletins-diarios?download=988:boletim-diario-covid-19-n-431,Mozambique Ministry of Health,
Mozambique,2021-05-23,545343,tests performed,https://www.misau.gov.mz/index.php/covid-19-boletins-diarios?download=990:boletim-diario-covid-19-n-432&start=10,Mozambique Ministry of Health,
Mozambique,2021-05-24,545951,tests performed,https://www.misau.gov.mz/index.php/covid-19-boletins-diarios?download=991:boletim-diario-covid-19-n-433&start=10,Mozambique Ministry of Health,
Mozambique,2021-05-26,548177,tests performed,https://www.misau.gov.mz/index.php/covid-19-boletins-diarios?download=992:boletim-diario-covid-19-n-434,Mozambique Ministry of Health,
Mozambique,2021-05-28,551014,tests performed,https://www.misau.gov.mz/index.php/covid-19-boletins-diarios?download=994:boletim-diario-covid-19-n-436,Mozambique Ministry of Health,
Mozambique,2021-05-29,552231,tests performed,https://www.misau.gov.mz/index.php/covid-19-boletins-diarios?download=996:boletim-diario-covid-19-n-438,Mozambique Ministry of Health,
Mozambique,2021-05-31,553718,tests performed,https://www.misau.gov.mz/index.php/covid-19-boletins-diarios?download=998:boletim-diario-covid-19-n-440,Mozambique Ministry of Health,
Mozambique,2021-06-01,554737,tests performed,https://www.misau.gov.mz/index.php/covid-19-boletins-diarios?download=999:boletim-diario-covid-19-n-441,Mozambique Ministry of Health,
Mozambique,2021-06-02,556045,tests performed,https://www.misau.gov.mz/index.php/covid-19-boletins-diarios?download=1000:boletim-diario-covid-19-n-442,Mozambique Ministry of Health,
Mozambique,2021-06-03,557044,tests performed,https://www.misau.gov.mz/index.php/covid-19-boletins-diarios?download=1001:boletim-diario-covid-19-n-443,Mozambique Ministry of Health,
Mozambique,2021-06-04,558203,tests performed,https://www.misau.gov.mz/index.php/covid-19-boletins-diarios?download=1002:boletim-diario-covid-19-n-444,Mozambique Ministry of Health,
Mozambique,2021-06-05,559736,tests performed,https://www.misau.gov.mz/index.php/covid-19-boletins-diarios?download=1004:boletim-diario-covid-19-n-445,Mozambique Ministry of Health,
Mozambique,2021-06-06,560774,tests performed,https://www.misau.gov.mz/index.php/covid-19-boletins-diarios?download=1005:boletim-diario-covid-19-n-446,Mozambique Ministry of Health,
Mozambique,2021-06-07,561181,tests performed,https://www.misau.gov.mz/index.php/covid-19-boletins-diarios?download=1006:boletim-diario-covid-19-n-447,Mozambique Ministry of Health,
Mozambique,2021-06-08,561992,tests performed,https://www.misau.gov.mz/index.php/covid-19-boletins-diarios?download=1007:boletim-diario-covid-19-n-448,Mozambique Ministry of Health,
Mozambique,2021-06-09,563306,tests performed,https://www.misau.gov.mz/index.php/covid-19-boletins-diarios?download=1008:boletim-diario-covid-19-n-449,Mozambique Ministry of Health,
Mozambique,2021-06-10,564481,tests performed,https://www.misau.gov.mz/index.php/covid-19-boletins-diarios?download=1009:boletim-diario-covid-19-n-450,Mozambique Ministry of Health,
Mozambique,2021-06-12,567164,tests performed,https://www.misau.gov.mz/index.php/covid-19-boletins-diarios?download=1011:boletim-diario-covid-19-n-452,Mozambique Ministry of Health,
Mozambique,2021-06-13,568101,tests performed,https://www.misau.gov.mz/index.php/covid-19-boletins-diarios?download=1012:boletim-diario-covid-19-n-453,Mozambique Ministry of Health,
Mozambique,2021-06-15,569683,tests performed,https://www.misau.gov.mz/index.php/covid-19-boletins-diarios?download=1013:boletim-diario-covid-19-n-454,Mozambique Ministry of Health,
Mozambique,2021-06-16,571002,tests performed,https://www.misau.gov.mz/index.php/covid-19-boletins-diarios?download=1016:boletim-diario-covid-19-n-456,Mozambique Ministry of Health,
Mozambique,2021-06-17,572668,tests performed,https://www.misau.gov.mz/index.php/covid-19-boletins-diarios?download=1018:boletim-diario-covid-19-n-458,Mozambique Ministry of Health,
Mozambique,2021-06-18,574348,tests performed,https://www.misau.gov.mz/index.php/covid-19-boletins-diarios?download=1018:boletim-diario-covid-19-n-458,Mozambique Ministry of Health,
Mozambique,2021-06-19,575709,tests performed,https://www.misau.gov.mz/index.php/covid-19-boletins-diarios?download=1019:boletim-diario-covid-19-n-459,Mozambique Ministry of Health,
Mozambique,2021-06-20,576947,tests performed,https://www.misau.gov.mz/index.php/covid-19-boletins-diarios?download=1020:boletim-diario-covid-19-n-460,Mozambique Ministry of Health,
Mozambique,2021-06-21,577991,tests performed,https://www.misau.gov.mz/index.php/covid-19-boletins-diarios?download=1021:boletim-diario-covid-19-n-361,Mozambique Ministry of Health,
Mozambique,2021-06-22,579273,tests performed,https://www.misau.gov.mz/index.php/covid-19-boletins-diarios?download=1022:boletim-diario-covid-19-n-462,Mozambique Ministry of Health,
Mozambique,2021-06-23,581440,tests performed,https://www.misau.gov.mz/index.php/covid-19-boletins-diarios?download=1023:boletim-diario-covid-19-n-463,Mozambique Ministry of Health,
Mozambique,2021-06-24,583387,tests performed,https://www.misau.gov.mz/index.php/covid-19-boletins-diarios?download=1024:boletim-diario-covid-19-n-464,Mozambique Ministry of Health,
Mozambique,2021-06-25,586450,tests performed,https://www.misau.gov.mz/index.php/covid-19-boletins-diarios?download=1025:boletim-diario-covid-19-n-465,Mozambique Ministry of Health,
Mozambique,2021-06-26,588470,tests performed,https://www.misau.gov.mz/index.php/covid-19-boletins-diarios?download=1027:boletim-diario-covid-19-n-466,Mozambique Ministry of Health,
Mozambique,2021-06-27,590310,tests performed,https://www.misau.gov.mz/index.php/covid-19-boletins-diarios?download=1026:boletim-diario-covid-19-n-467,Mozambique Ministry of Health,
Mozambique,2021-06-28,593995,tests performed,https://www.misau.gov.mz/index.php/covid-19-boletins-diarios?download=1028:boletim-diario-covid-19-n-468,Mozambique Ministry of Health,
Mozambique,2021-06-29,595730,tests performed,https://www.misau.gov.mz/index.php/covid-19-boletins-diarios?download=1029:boletim-diario-covid-19-n-469,Mozambique Ministry of Health,
Mozambique,2021-06-30,597833,tests performed,https://www.misau.gov.mz/index.php/covid-19-boletins-diarios?download=1030:boletim-diario-covid-19-n-430,Mozambique Ministry of Health,
Mozambique,2021-07-01,600704,tests performed,https://www.misau.gov.mz/index.php/covid-19-boletins-diarios?download=1033:boletim-diario-covid-19-n-471,Mozambique Ministry of Health,
Mozambique,2021-07-02,604427,tests performed,https://www.misau.gov.mz/index.php/covid-19-boletins-diarios?download=1034:boletim-diario-covid-19-n-472,Mozambique Ministry of Health,
Mozambique,2021-07-03,608006,tests performed,https://www.misau.gov.mz/index.php/covid-19-boletins-diarios?download=1039:boletim-diario-covid-19-n-473,Mozambique Ministry of Health,
Mozambique,2021-07-04,611476,tests performed,https://www.misau.gov.mz/index.php/covid-19-boletins-diarios?download=1040:boletim-diario-covid-19-n-474,Mozambique Ministry of Health,
Mozambique,2021-07-05,613962,tests performed,https://www.misau.gov.mz/index.php/covid-19-boletins-diarios?download=1043:boletim-diario-covid-19-n-475,Mozambique Ministry of Health,
Mozambique,2021-07-06,618556,tests performed,https://www.misau.gov.mz/index.php/covid-19-boletins-diarios?download=1045:boletim-diario-covid-19-n-476,Mozambique Ministry of Health,
Mozambique,2021-07-07,622539,tests performed,https://www.misau.gov.mz/index.php/covid-19-boletins-diarios?download=1046:boletim-diario-covid-19-n-477,Mozambique Ministry of Health,
Mozambique,2021-07-08,627380,tests performed,https://www.misau.gov.mz/index.php/covid-19-boletins-diarios?download=1048:boletim-diario-covid-19-n-478,Mozambique Ministry of Health,
Mozambique,2021-07-09,630924,tests performed,https://www.misau.gov.mz/index.php/covid-19-boletins-diarios?download=1049:boletim-diario-covid-19-n-479,Mozambique Ministry of Health,
Mozambique,2021-07-10,635898,tests performed,https://www.misau.gov.mz/index.php/covid-19-boletins-diarios?download=1050:boletim-diario-covid-19-n-480,Mozambique Ministry of Health,
Mozambique,2021-07-11,638774,tests performed,https://www.misau.gov.mz/index.php/covid-19-boletins-diarios?download=1051:boletim-diario-covid-19-n-481,Mozambique Ministry of Health,
Mozambique,2021-07-12,642511,tests performed,https://www.misau.gov.mz/index.php/covid-19-boletins-diarios?download=1052:boletim-diario-covid-19-n-482,Mozambique Ministry of Health,
Mozambique,2021-07-13,646838,tests performed,https://www.misau.gov.mz/index.php/covid-19-boletins-diarios?download=1054:boletim-diario-covid-19-n-483,Mozambique Ministry of Health,
Mozambique,2021-07-14,651245,tests performed,https://www.misau.gov.mz/index.php/covid-19-boletins-diarios?download=1055:boletim-diario-covid-19-n-484,Mozambique Ministry of Health,
Mozambique,2021-07-15,655848,tests performed,https://www.misau.gov.mz/index.php/covid-19-boletins-diarios?download=1056:boletim-diario-covid-19-n-485,Mozambique Ministry of Health,
Mozambique,2021-07-16,660536,tests performed,https://www.misau.gov.mz/index.php/covid-19-boletins-diarios?download=1057:boletim-diario-covid-19-n-486,Mozambique Ministry of Health,
Mozambique,2021-07-17,666406,tests performed,https://www.misau.gov.mz/index.php/covid-19-boletins-diarios?download=1059:boletim-diario-covid-19-n-487,Mozambique Ministry of Health,
Mozambique,2021-07-18,670062,tests performed,https://www.misau.gov.mz/index.php/covid-19-boletins-diarios?download=1060:boletim-diario-covid-19-n-488,Mozambique Ministry of Health,
Mozambique,2021-07-19,673459,tests performed,https://www.misau.gov.mz/index.php/covid-19-boletins-diarios?download=1061:boletim-diario-covid-19-n-489,Mozambique Ministry of Health,
Mozambique,2021-07-20,677185,tests performed,https://www.misau.gov.mz/index.php/covid-19-boletins-diarios?download=1062:boletim-diario-covid-19-n-490,Mozambique Ministry of Health,
Mozambique,2021-07-21,682145,tests performed,https://www.misau.gov.mz/index.php/covid-19-boletins-diarios?download=1063:boletim-diario-covid-19-n-491,Mozambique Ministry of Health,
Mozambique,2021-07-22,688570,tests performed,https://www.misau.gov.mz/index.php/covid-19-boletins-diarios?download=1064:boletim-diario-covid-19-n-492,Mozambique Ministry of Health,
Mozambique,2021-07-23,693609,tests performed,https://www.misau.gov.mz/index.php/covid-19-boletins-diarios?download=1065:boletim-diario-covid-19-n-493,Mozambique Ministry of Health,
Mozambique,2021-07-24,698681,tests performed,https://www.misau.gov.mz/index.php/covid-19-boletins-diarios?download=1066:boletim-diario-covid-19-n-494,Mozambique Ministry of Health,
Mozambique,2021-07-25,703161,tests performed,https://www.misau.gov.mz/index.php/covid-19-boletins-diarios?download=1067:boletim-diario-covid-19-n-495,Mozambique Ministry of Health,
Mozambique,2021-07-26,707311,tests performed,https://www.misau.gov.mz/index.php/covid-19-boletins-diarios?download=1068:boletim-diario-covid-19-n-496,Mozambique Ministry of Health,
Mozambique,2021-07-27,712961,tests performed,https://www.misau.gov.mz/index.php/covid-19-boletins-diarios?download=1069:boletim-diario-covid-19-n-496,Mozambique Ministry of Health,
Mozambique,2021-07-28,719934,tests performed,https://www.misau.gov.mz/index.php/covid-19-boletins-diarios?download=1071:boletim-diario-covid-19-n-498,Mozambique Ministry of Health,
Mozambique,2021-07-29,725363,tests performed,https://www.misau.gov.mz/index.php/covid-19-boletins-diarios?download=1072:boletim-diario-covid-19-n-499,Mozambique Ministry of Health,
Mozambique,2021-07-30,732431,tests performed,https://www.misau.gov.mz/index.php/covid-19-boletins-diarios?download=1074:boletim-diario-covid-19-n-500,Mozambique Ministry of Health,
Mozambique,2021-07-31,738694,tests performed,https://www.misau.gov.mz/index.php/covid-19-boletins-diarios?download=1075:boletim-diario-covid-19-n-501,Mozambique Ministry of Health,
Mozambique,2021-08-01,743059,tests performed,https://www.misau.gov.mz/index.php/covid-19-boletins-diarios?download=1076:boletim-diario-covid-19-n-502,Mozambique Ministry of Health,
Mozambique,2021-08-02,746799,tests performed,https://www.misau.gov.mz/index.php/covid-19-boletins-diarios?download=238:boletim-diario-covid-19-n-503,Mozambique Ministry of Health,
Mozambique,2021-08-03,751489,tests performed,https://www.misau.gov.mz/index.php/covid-19-boletins-diarios?download=1079:boletim-diario-covid-19-n-504,Mozambique Ministry of Health,
Mozambique,2021-08-04,756621,tests performed,https://www.misau.gov.mz/index.php/covid-19-boletins-diarios?download=1083:boletim-diario-covid-19-n-505,Mozambique Ministry of Health,
Mozambique,2021-08-05,762678,tests performed,https://www.misau.gov.mz/index.php/covid-19-boletins-diarios?download=1084:boletim-diario-covid-19-n-506,Mozambique Ministry of Health,
Mozambique,2021-08-06,768920,tests performed,https://www.misau.gov.mz/index.php/covid-19-boletins-diarios?download=1085:boletim-diario-covid-19-n-507,Mozambique Ministry of Health,
Mozambique,2021-08-07,774098,tests performed,https://www.misau.gov.mz/index.php/covid-19-boletins-diarios?download=1086:boletim-diario-covid-19-n-508,Mozambique Ministry of Health,
Mozambique,2021-08-08,776609,tests performed,https://www.misau.gov.mz/index.php/covid-19-boletins-diarios?download=1089:boletim-diario-covid-19-n-509,Mozambique Ministry of Health,
Mozambique,2021-08-09,779449,tests performed,https://www.misau.gov.mz/index.php/covid-19-boletins-diarios?download=1090:boletim-diario-covid-19-n-510,Mozambique Ministry of Health,
Mozambique,2021-08-10,784167,tests performed,https://www.misau.gov.mz/index.php/covid-19-boletins-diarios?download=1095:boletim-diario-covid-19-n-511,Mozambique Ministry of Health,
Mozambique,2021-08-11,789771,tests performed,https://www.misau.gov.mz/index.php/covid-19-boletins-diarios?download=1096:boletim-diario-covid-19-n-512,Mozambique Ministry of Health,
Mozambique,2021-08-12,794510,tests performed,https://www.misau.gov.mz/index.php/covid-19-boletins-diarios?download=1097:boletim-diario-covid-19-n-513,Mozambique Ministry of Health,
Mozambique,2021-08-13,798908,tests performed,https://www.misau.gov.mz/index.php/covid-19-boletins-diarios?download=1099:boletim-diario-covid-19-n-514,Mozambique Ministry of Health,
Mozambique,2021-08-14,803004,tests performed,https://www.misau.gov.mz/index.php/covid-19-boletins-diarios?download=1100:boletim-diario-covid-19-n-515,Mozambique Ministry of Health,
Mozambique,2021-08-15,805158,tests performed,https://www.misau.gov.mz/index.php/covid-19-boletins-diarios?download=1101:boletim-diario-covid-19-n-516,Mozambique Ministry of Health,
Mozambique,2021-08-16,806657,tests performed,https://www.misau.gov.mz/index.php/covid-19-boletins-diarios?download=1102:boletim-diario-covid-19-n-517,Mozambique Ministry of Health,
Mozambique,2021-08-17,811132,tests performed,https://www.misau.gov.mz/index.php/covid-19-boletins-diarios?download=1103:boletim-diario-covid-19-n-518,Mozambique Ministry of Health,
Mozambique,2021-08-18,815154,tests performed,https://www.misau.gov.mz/index.php/covid-19-boletins-diarios?download=1114:boletim-diario-covid-19-n-519,Mozambique Ministry of Health,
Mozambique,2021-08-20,822281,tests performed,https://www.misau.gov.mz/index.php/covid-19-boletins-diarios?download=1116:boletim-diario-covid-19-n-521&start=10,Mozambique Ministry of Health,
Mozambique,2021-08-21,825490,tests performed,https://www.misau.gov.mz/index.php/covid-19-boletins-diarios?download=1117:boletim-diario-covid-19-n-522&start=10,Mozambique Ministry of Health,
Mozambique,2021-08-22,827241,tests performed,https://www.misau.gov.mz/index.php/covid-19-boletins-diarios?download=1118:boletim-diario-covid-19-n-523&start=10,Mozambique Ministry of Health,
Mozambique,2021-08-23,829467,tests performed,https://www.misau.gov.mz/index.php/covid-19-boletins-diarios?download=1119:boletim-diario-covid-19-n-524,Mozambique Ministry of Health,
Mozambique,2021-08-24,832352,tests performed,https://www.misau.gov.mz/index.php/covid-19-boletins-diarios?download=1120:boletim-diario-covid-19-n-525,Mozambique Ministry of Health,
Mozambique,2021-08-25,835922,tests performed,https://www.misau.gov.mz/index.php/covid-19-boletins-diarios?download=1121:boletim-diario-covid-19-n-526,Mozambique Ministry of Health,
Mozambique,2021-08-26,838704,tests performed,https://www.misau.gov.mz/index.php/covid-19-boletins-diarios?download=1122:boletim-diario-covid-19-n-527,Mozambique Ministry of Health,
Mozambique,2021-08-27,842455,tests performed,https://www.misau.gov.mz/index.php/covid-19-boletins-diarios?download=1123:boletim-diario-covid-19-n-528,Mozambique Ministry of Health,
Mozambique,2021-08-28,845550,tests performed,https://www.misau.gov.mz/index.php/covid-19-boletins-diarios?download=1124:boletim-diario-covid-19-n-529,Mozambique Ministry of Health,
Mozambique,2021-08-29,846662,tests performed,https://www.misau.gov.mz/index.php/covid-19-boletins-diarios?download=1125:boletim-diario-covid-19-n-530,Mozambique Ministry of Health,
Mozambique,2021-08-30,848174,tests performed,https://www.misau.gov.mz/index.php/covid-19-boletins-diarios?download=1126:boletim-diario-covid-19-n-531,Mozambique Ministry of Health,
Mozambique,2021-08-31,850627,tests performed,https://www.misau.gov.mz/index.php/covid-19-boletins-diarios?download=1129:boletim-diario-covid-19-n-532,Mozambique Ministry of Health,
Mozambique,2021-09-01,853959,tests performed,https://www.misau.gov.mz/index.php/covid-19-boletins-diarios?download=1130:boletim-diario-covid-19-n-533,Mozambique Ministry of Health,
Mozambique,2021-09-02,856306,tests performed,https://www.misau.gov.mz/index.php/covid-19-boletins-diarios?download=1131:boletim-diario-covid-19-n-534&start=10,Mozambique Ministry of Health,
Mozambique,2021-09-03,859547,tests performed,https://www.misau.gov.mz/index.php/covid-19-boletins-diarios?download=1135:boletim-diario-covid-19-n-535&start=10,Mozambique Ministry of Health,
Mozambique,2021-09-04,862598,tests performed,https://www.misau.gov.mz/index.php/covid-19-boletins-diarios?download=1136:boletim-diario-covid-19-n-536,Mozambique Ministry of Health,
Mozambique,2021-09-05,863962,tests performed,https://www.misau.gov.mz/index.php/covid-19-boletins-diarios?download=1137:boletim-diario-covid-19-n-537,Mozambique Ministry of Health,
Mozambique,2021-09-06,865205,tests performed,https://www.misau.gov.mz/index.php/covid-19-boletins-diarios?download=1138:boletim-diario-covid-19-n-538,Mozambique Ministry of Health,
Mozambique,2021-09-07,868523,tests performed,https://www.misau.gov.mz/index.php/covid-19-boletins-diarios?download=1139:boletim-diario-covid-19-n-539,Mozambique Ministry of Health,
Mozambique,2021-09-08,869588,tests performed,https://www.misau.gov.mz/index.php/covid-19-boletins-diarios?download=1140:boletim-diario-covid-19-n-540,Mozambique Ministry of Health,
Mozambique,2021-09-09,871683,tests performed,https://www.misau.gov.mz/index.php/covid-19-boletins-diarios?download=1141:boletim-diario-covid-19-n-541,Mozambique Ministry of Health,
Mozambique,2021-09-10,873870,tests performed,https://www.misau.gov.mz/index.php/covid-19-boletins-diarios?download=1142:boletim-diario-covid-19-n-542,Mozambique Ministry of Health,
Mozambique,2021-09-11,876237,tests performed,https://www.misau.gov.mz/index.php/covid-19-boletins-diarios?download=1144:boletim-diario-covid-19-n-543,Mozambique Ministry of Health,
Mozambique,2021-09-12,877405,tests performed,https://www.misau.gov.mz/index.php/covid-19-boletins-diarios?download=1145:boletim-diario-covid-19-n-544,Mozambique Ministry of Health,
Mozambique,2021-09-13,878110,tests performed,https://www.misau.gov.mz/index.php/covid-19-boletins-diarios?download=1146:boletim-diario-covid-19-n-545,Mozambique Ministry of Health,
Mozambique,2021-09-14,880166,tests performed,https://www.misau.gov.mz/index.php/covid-19-boletins-diarios?download=1151:boletim-diario-covid-19-n-546&start=10,Mozambique Ministry of Health,
Mozambique,2021-09-15,882604,tests performed,https://www.misau.gov.mz/index.php/covid-19-boletins-diarios?download=1152:boletim-diario-covid-19-n-547&start=10,Mozambique Ministry of Health,
Mozambique,2021-09-16,884640,tests performed,https://www.misau.gov.mz/index.php/covid-19-boletins-diarios?download=1153:boletim-diario-covid-19-n-548&start=10,Mozambique Ministry of Health,
Mozambique,2021-09-17,886733,tests performed,https://www.misau.gov.mz/index.php/covid-19-boletins-diarios?download=1154:boletim-diario-covid-19-n-549,Mozambique Ministry of Health,
Mozambique,2021-09-18,888613,tests performed,https://www.misau.gov.mz/index.php/covid-19-boletins-diarios?download=1155:boletim-diario-covid-19-n-550,Mozambique Ministry of Health,
Mozambique,2021-09-19,889606,tests performed,https://www.misau.gov.mz/index.php/covid-19-boletins-diarios?download=1156:boletim-diario-covid-19-n-551,Mozambique Ministry of Health,
Mozambique,2021-09-20,890432,tests performed,https://www.misau.gov.mz/index.php/covid-19-boletins-diarios?download=1157:boletim-diario-covid-19-n-552,Mozambique Ministry of Health,
Mozambique,2021-09-21,892111,tests performed,https://www.misau.gov.mz/index.php/covid-19-boletins-diarios?download=1158:boletim-diario-covid-19-n-553,Mozambique Ministry of Health,
Mozambique,2021-09-22,893707,tests performed,https://www.misau.gov.mz/index.php/covid-19-boletins-diarios?download=1159:boletim-diario-covid-19-n-554,Mozambique Ministry of Health,
Mozambique,2021-09-23,895529,tests performed,https://www.misau.gov.mz/index.php/covid-19-boletins-diarios?download=1160:boletim-diario-covid-19-n-555,Mozambique Ministry of Health,
Mozambique,2021-09-24,897496,tests performed,https://www.misau.gov.mz/index.php/covid-19-boletins-diarios?download=1161:boletim-diario-covid-19-n-556,Mozambique Ministry of Health,
Mozambique,2021-09-25,899393,tests performed,https://www.misau.gov.mz/index.php/covid-19-boletins-diarios?download=1162:boletim-diario-covid-19-n-557,Mozambique Ministry of Health,
Mozambique,2021-09-26,900080,tests performed,https://www.misau.gov.mz/index.php/covid-19-boletins-diarios?download=1163:boletim-diario-covid-19-n-558,Mozambique Ministry of Health,
Mozambique,2021-09-27,900559,tests performed,https://www.misau.gov.mz/index.php/covid-19-boletins-diarios?download=1164:boletim-diario-covid-19-n-559,Mozambique Ministry of Health,
Mozambique,2021-09-28,901901,tests performed,https://www.misau.gov.mz/index.php/covid-19-boletins-diarios?download=1165:boletim-diario-covid-19-n-560,Mozambique Ministry of Health,
Mozambique,2021-10-07,913963,tests performed,https://www.misau.gov.mz/index.php/covid-19-boletins-diarios?download=1181:boletim-diario-covid-19-n-569,Mozambique Ministry of Health,
Mozambique,2021-10-08,915744,tests performed,https://www.misau.gov.mz/index.php/covid-19-boletins-diarios?download=1182:boletim-diario-covid-19-n-570,Mozambique Ministry of Health,
Mozambique,2021-10-09,917233,tests performed,https://www.misau.gov.mz/index.php/covid-19-boletins-diarios?download=1183:boletim-diario-covid-19-n-571,Mozambique Ministry of Health,
Mozambique,2021-10-10,917886,tests performed,https://www.misau.gov.mz/index.php/covid-19-boletins-diarios?download=1184:boletim-diario-covid-19-n-572,Mozambique Ministry of Health,
Mozambique,2021-10-11,918384,tests performed,https://www.misau.gov.mz/index.php/covid-19-boletins-diarios?download=1185:boletim-diario-covid-19-n-573,Mozambique Ministry of Health,
Mozambique,2021-10-12,919760,tests performed,https://www.misau.gov.mz/index.php/covid-19-boletins-diarios?download=1189:boletim-diario-covid-19-n-574,Mozambique Ministry of Health,
Mozambique,2021-10-13,921303,tests performed,https://www.misau.gov.mz/index.php/covid-19-boletins-diarios?download=1190:boletim-diario-covid-19-n-575,Mozambique Ministry of Health,
Mozambique,2021-10-14,922793,tests performed,https://www.misau.gov.mz/index.php/covid-19-boletins-diarios?download=1191:boletim-diario-covid-19-n-576,Mozambique Ministry of Health,
Mozambique,2021-10-15,924272,tests performed,https://www.misau.gov.mz/index.php/covid-19-boletins-diarios?download=1192:boletim-diario-covid-19-n-577,Mozambique Ministry of Health,
Mozambique,2021-10-16,925600,tests performed,https://www.misau.gov.mz/index.php/covid-19-boletins-diarios?download=1193:boletim-diario-covid-19-n-578,Mozambique Ministry of Health,
Mozambique,2021-10-17,926360,tests performed,https://www.misau.gov.mz/index.php/covid-19-boletins-diarios?download=1194:boletim-diario-covid-19-n-579,Mozambique Ministry of Health,
Mozambique,2021-11-05,948407,tests performed,https://www.misau.gov.mz/index.php/covid-19-boletins-diarios?download=1196:boletim-diario-covid-19-n-598,Mozambique Ministry of Health,
Mozambique,2021-11-06,949806,tests performed,https://www.misau.gov.mz/index.php/covid-19-boletins-diarios?download=1198:boletim-diario-covid-19-n-599,Mozambique Ministry of Health,
Mozambique,2021-11-15,959135,tests performed,https://www.misau.gov.mz/index.php/covid-19-boletins-diarios?download=1219:boletim-diario-covid-19-n-608,Mozambique Ministry of Health,
Mozambique,2021-11-16,960837,tests performed,https://www.misau.gov.mz/index.php/covid-19-boletins-diarios?download=1220:boletim-diario-covid-19-n-609,Mozambique Ministry of Health,
Mozambique,2021-11-17,962514,tests performed,https://www.misau.gov.mz/index.php/covid-19-boletins-diarios?download=1221:boletim-diario-covid-19-n-610,Mozambique Ministry of Health,
Mozambique,2021-11-20,967353,tests performed,https://www.misau.gov.mz/index.php/covid-19-boletins-diarios?download=1224:boletim-diario-covid-19-n-613,Mozambique Ministry of Health,
Mozambique,2021-11-21,968089,tests performed,https://www.misau.gov.mz/index.php/covid-19-boletins-diarios?download=1225:boletim-diario-covid-19-n-614,Mozambique Ministry of Health,
Mozambique,2021-11-22,968540,tests performed,https://www.misau.gov.mz/index.php/covid-19-boletins-diarios?download=1226:boletim-diario-covid-19-n-615,Mozambique Ministry of Health,
Mozambique,2021-11-23,969546,tests performed,https://www.misau.gov.mz/index.php/covid-19-boletins-diarios?download=1227:boletim-diario-covid-19-n-616,Mozambique Ministry of Health,
Mozambique,2021-11-24,970816,tests performed,https://www.misau.gov.mz/index.php/covid-19-boletins-diarios?download=1228:boletim-diario-covid-19-n-617,Mozambique Ministry of Health,
Mozambique,2021-12-20,1028872,tests performed,https://www.misau.gov.mz/index.php/covid-19-boletins-diarios?download=1243:boletim-diario-covid-19-n-643,Mozambique Ministry of Health,
Mozambique,2021-12-21,1034873,tests performed,https://www.misau.gov.mz/index.php/covid-19-boletins-diarios?download=1244:boletim-diario-covid-19-n-644,Mozambique Ministry of Health,
Mozambique,2021-12-22,1041472,tests performed,https://www.misau.gov.mz/index.php/covid-19-boletins-diarios?download=1245:boletim-diario-covid-19-n-645,Mozambique Ministry of Health,
Mozambique,2021-12-23,1047734,tests performed,https://www.misau.gov.mz/index.php/covid-19-boletins-diarios?download=1246:boletim-diario-covid-19-n-646,Mozambique Ministry of Health,
Mozambique,2021-12-24,1054291,tests performed,https://www.misau.gov.mz/index.php/covid-19-boletins-diarios?download=1247:boletim-diario-covid-19-n-647,Mozambique Ministry of Health,
Mozambique,2021-12-25,1056667,tests performed,https://www.misau.gov.mz/index.php/covid-19-boletins-diarios?download=1248:boletim-diario-covid-19-n-648,Mozambique Ministry of Health,
Mozambique,2021-12-26,1058162,tests performed,https://www.misau.gov.mz/index.php/covid-19-boletins-diarios?download=1249:boletim-diario-covid-19-n-649,Mozambique Ministry of Health,
Mozambique,2021-12-27,1059942,tests performed,https://www.misau.gov.mz/index.php/covid-19-boletins-diarios?download=1250:boletim-diario-covid-19-n-650,Mozambique Ministry of Health,
Mozambique,2021-12-28,1067326,tests performed,https://www.misau.gov.mz/index.php/covid-19-boletins-diarios?download=1255:boletim-diario-covid-19-n-651,Mozambique Ministry of Health,
Mozambique,2022-01-20,1195950,tests performed,https://africacdc.org/covid-19/,Africa Centres for Disease Control and Prevention,
Mozambique,2022-01-24,1206427,tests performed,https://africacdc.org/covid-19/,Africa Centres for Disease Control and Prevention,
Mozambique,2022-01-25,1209826,tests performed,https://africacdc.org/covid-19/,Africa Centres for Disease Control and Prevention,
Mozambique,2022-01-27,1216700,tests performed,https://africacdc.org/covid-19/,Africa Centres for Disease Control and Prevention,
Mozambique,2022-01-30,1222135,tests performed,https://africacdc.org/covid-19/,Africa Centres for Disease Control and Prevention,
Mozambique,2022-01-31,1223311,tests performed,https://africacdc.org/covid-19/,Africa Centres for Disease Control and Prevention,
Mozambique,2022-02-01,1226683,tests performed,https://africacdc.org/covid-19/,Africa Centres for Disease Control and Prevention,
Mozambique,2022-02-03,1229425,tests performed,https://africacdc.org/covid-19/,Africa Centres for Disease Control and Prevention,
Mozambique,2022-02-05,1235592,tests performed,https://africacdc.org/covid-19/,Africa Centres for Disease Control and Prevention,
Mozambique,2022-02-08,1239821,tests performed,https://africacdc.org/covid-19/,Africa Centres for Disease Control and Prevention,
Mozambique,2022-02-10,1242168,tests performed,https://africacdc.org/covid-19/,Africa Centres for Disease Control and Prevention,
Mozambique,2022-02-13,1249540,tests performed,https://africacdc.org/covid-19/,Africa Centres for Disease Control and Prevention,
Mozambique,2022-02-15,1251954,tests performed,https://africacdc.org/covid-19/,Africa Centres for Disease Control and Prevention,
Mozambique,2022-02-18,1255458,tests performed,https://africacdc.org/covid-19/,Africa Centres for Disease Control and Prevention,
Mozambique,2022-02-21,1259571,tests performed,https://africacdc.org/covid-19/,Africa Centres for Disease Control and Prevention,
Mozambique,2022-02-23,1262889,tests performed,https://africacdc.org/covid-19/,Africa Centres for Disease Control and Prevention,
Mozambique,2022-02-26,1266050,tests performed,https://africacdc.org/covid-19/,Africa Centres for Disease Control and Prevention,
Mozambique,2022-03-02,1270558,tests performed,https://africacdc.org/covid-19/,Africa Centres for Disease Control and Prevention,
Mozambique,2022-03-04,1272590,tests performed,https://africacdc.org/covid-19/,Africa Centres for Disease Control and Prevention,
Mozambique,2022-03-05,1275348,tests performed,https://africacdc.org/covid-19/,Africa Centres for Disease Control and Prevention,
Mozambique,2022-03-06,1276700,tests performed,https://africacdc.org/covid-19/,Africa Centres for Disease Control and Prevention,
Mozambique,2022-03-07,1277445,tests performed,https://africacdc.org/covid-19/,Africa Centres for Disease Control and Prevention,
Mozambique,2022-03-10,1280179,tests performed,https://africacdc.org/covid-19/,Africa Centres for Disease Control and Prevention,
Mozambique,2022-03-11,1281172,tests performed,https://africacdc.org/covid-19/,Africa Centres for Disease Control and Prevention,
Mozambique,2022-03-12,1282207,tests performed,https://africacdc.org/covid-19/,Africa Centres for Disease Control and Prevention,
Mozambique,2022-03-20,1288759,tests performed,https://africacdc.org/covid-19/,Africa Centres for Disease Control and Prevention,
Mozambique,2022-03-24,1290853,tests performed,https://africacdc.org/covid-19/,Africa Centres for Disease Control and Prevention,
Mozambique,2022-03-28,1293982,tests performed,https://africacdc.org/covid-19/,Africa Centres for Disease Control and Prevention,
Mozambique,2022-04-01,1296402,tests performed,https://africacdc.org/covid-19/,Africa Centres for Disease Control and Prevention,
Mozambique,2022-04-07,1299735,tests performed,https://africacdc.org/covid-19/,Africa Centres for Disease Control and Prevention,
Mozambique,2022-04-10,1301946,tests performed,https://africacdc.org/covid-19/,Africa Centres for Disease Control and Prevention,
Mozambique,2022-04-18,1306062,tests performed,https://africacdc.org/covid-19/,Africa Centres for Disease Control and Prevention,
Mozambique,2022-04-24,1309638,tests performed,https://africacdc.org/covid-19/,Africa Centres for Disease Control and Prevention,
Mozambique,2022-04-28,1311366,tests performed,https://africacdc.org/covid-19/,Africa Centres for Disease Control and Prevention,
Mozambique,2022-05-01,1313202,tests performed,https://africacdc.org/covid-19/,Africa Centres for Disease Control and Prevention,
Mozambique,2022-05-04,1313881,tests performed,https://africacdc.org/covid-19/,Africa Centres for Disease Control and Prevention,
Mozambique,2022-05-08,1316404,tests performed,https://africacdc.org/covid-19/,Africa Centres for Disease Control and Prevention,
Mozambique,2022-05-11,1317300,tests performed,https://africacdc.org/covid-19/,Africa Centres for Disease Control and Prevention,
Mozambique,2022-05-15,1319772,tests performed,https://africacdc.org/covid-19/,Africa Centres for Disease Control and Prevention,
Mozambique,2022-05-18,1320827,tests performed,https://africacdc.org/covid-19/,Africa Centres for Disease Control and Prevention,
Mozambique,2022-05-19,1321766,tests performed,https://africacdc.org/covid-19/,Africa Centres for Disease Control and Prevention,
Mozambique,2022-05-29,1326300,tests performed,https://africacdc.org/covid-19/,Africa Centres for Disease Control and Prevention,
Mozambique,2022-06-02,1327867,tests performed,https://africacdc.org/covid-19/,Africa Centres for Disease Control and Prevention,
Mozambique,2022-06-05,1329196,tests performed,https://africacdc.org/covid-19/,Africa Centres for Disease Control and Prevention,
Mozambique,2022-06-08,1331312,tests performed,https://africacdc.org/covid-19/,Africa Centres for Disease Control and Prevention,
Mozambique,2022-06-12,1334568,tests performed,https://africacdc.org/covid-19/,Africa Centres for Disease Control and Prevention,
Mozambique,2022-06-16,1336051,tests performed,https://africacdc.org/covid-19/,Africa Centres for Disease Control and Prevention,
Mozambique,2022-06-20,1340102,tests performed,https://africacdc.org/covid-19/,Africa Centres for Disease Control and Prevention,
Mozambique,2022-06-22,1341769,tests performed,https://africacdc.org/covid-19/,Africa Centres for Disease Control and Prevention,
